time,ss_pv_power,ss_pv1_power,ss_pv2_power,ss_load_power,ss_grid_ct_power,ss_battery_power,ss_pv1_voltage,ss_pv2_voltage,ss_day_pv_energy,ss_day_load_energy,ss_day_grid_import,ss_day_grid_export,ss_day_battery_charge,ss_day_battery_discharge,ss_battery_soc,battery_temp
2025-11-17T10:31:00.133537+02:00,unknown,unknown,unknown,unknown,unknown,unknown,unknown,unknown,unknown,unknown,unknown,unknown,unknown,unknown,unknown,unknown
2025-11-17T10:32:00.125596+02:00,715,339,376,631,12,-101,unknown,unknown,unknown,unknown,unknown,unknown,unknown,unknown,unknown,unknown
2025-11-17T10:33:00.125875+02:00,791,367,424,631,48,-193,unknown,unknown,unknown,unknown,unknown,unknown,unknown,unknown,unknown,unknown
2025-11-17T10:34:00.125878+02:00,790,360,430,595,24,-152,unknown,unknown,unknown,unknown,unknown,unknown,unknown,unknown,unknown,unknown
2025-11-17T10:35:00.125643+02:00,795,369,426,665,28,-144,unknown,unknown,unknown,unknown,unknown,unknown,unknown,unknown,unknown,unknown
2025-11-17T10:36:00.126502+02:00,755,353,402,705,60,-150,389.67,397.94,2,6.9,6.5,0,1,0.1,23.65,8.3
2025-11-17T10:37:00.126715+02:00,1079,542,537,712,35,-357,389.67,397.94,2,6.9,6.5,0,1,0.1,23.65,8.3
2025-11-17T10:38:00.127179+02:00,1564,814,750,750,2,-762,389.67,397.94,2,6.9,6.5,0,1,0.1,23.65,8.3
2025-11-17T10:39:00.126132+02:00,2334,1260,1074,733,11,-1530,389.67,397.94,2,6.9,6.5,0,1,0.1,23.65,8.3
2025-11-17T10:40:00.126243+02:00,1530,740,790,724,37,-778,389.67,397.94,2,6.9,6.5,0,1,0.1,23.65,8.3
2025-11-17T10:41:00.126267+02:00,1461,706,755,732,33,-721,394.985,407.455,2.2,7,6.5,0,1,0.1,24,8.3
2025-11-17T10:42:00.126699+02:00,1413,681,732,700,25,-675,394.985,407.455,2.2,7,6.5,0,1,0.1,24,8.3
2025-11-17T10:43:00.125325+02:00,1454,700,754,737,23,-709,394.985,407.455,2.2,7,6.5,0,1,0.1,24,8.3
2025-11-17T10:44:00.125540+02:00,1837,918,919,740,4,-991,394.985,407.455,2.2,7,6.5,0,1,0.1,24,8.3
2025-11-17T10:45:00.126867+02:00,2600,1398,1202,753,32,-1789,394.985,407.455,2.2,7,6.5,0,1,0.1,24,8.3
2025-11-17T10:46:00.125817+02:00,2044,1047,997,722,10,-1362,396.925,406.335,2.2,7,6.5,0,1,0.1,24,8.3
2025-11-17T10:47:00.126230+02:00,1460,712,748,672,40,-786,396.925,406.335,2.2,7,6.5,0,1,0.1,24,8.3
2025-11-17T10:48:00.126058+02:00,1442,722,720,642,6,-748,396.925,406.335,2.2,7,6.5,0,1,0.1,24,8.3
2025-11-17T10:49:00.126411+02:00,1474,743,731,634,-11,-795,396.925,406.335,2.2,7,6.5,0,1,0.1,24,8.3
2025-11-17T10:50:00.127444+02:00,1052,505,547,640,-3,-374,396.925,406.335,2.2,7,6.5,0,1,0.1,24,8.3
2025-11-17T10:51:00.125683+02:00,876,453,423,626,29,-288,394.61,399.785,2.5,7.1,6.5,0,1.2,0.1,24.5,8.335
2025-11-17T10:52:00.126602+02:00,858,404,454,683,31,-228,394.61,399.785,2.5,7.1,6.5,0,1.2,0.1,24.5,8.335
2025-11-17T10:53:00.125451+02:00,789,364,425,606,24,-130,394.61,399.785,2.5,7.1,6.5,0,1.2,0.1,24.5,8.335
2025-11-17T10:54:00.126204+02:00,770,360,410,632,8,-118,394.61,399.785,2.5,7.1,6.5,0,1.2,0.1,24.5,8.335
2025-11-17T10:55:00.125814+02:00,755,353,402,682,3,-56,394.61,399.785,2.5,7.1,6.5,0,1.2,0.1,24.5,8.335
2025-11-17T10:56:00.125879+02:00,728,348,380,651,-8,-73,377.285,384.215,2.5,7.1,6.5,0,1.2,0.1,25,8.4
2025-11-17T10:57:00.125543+02:00,738,348,390,622,-1,-80,377.285,384.215,2.5,7.1,6.5,0,1.2,0.1,25,8.4
2025-11-17T10:58:00.126543+02:00,809,387,422,573,-25,-157,377.285,384.215,2.5,7.1,6.5,0,1.2,0.1,25,8.4
2025-11-17T10:59:00.126911+02:00,1006,505,501,614,29,-431,377.285,384.215,2.5,7.1,6.5,0,1.2,0.1,25,8.4
2025-11-17T11:00:00.125931+02:00,1115,577,538,685,3,-438,377.285,384.215,2.5,7.1,6.5,0,1.2,0.1,25,8.4
2025-11-17T11:01:00.126766+02:00,854,415,439,623,30,-228,389.565,405.4,2.6,7.2,6.5,0,1.2,0.1,25,8.4
2025-11-17T11:02:00.126724+02:00,894,440,454,598,1,-265,389.565,405.4,2.6,7.2,6.5,0,1.2,0.1,25,8.4
2025-11-17T11:03:00.125868+02:00,700,339,361,626,22,-87,389.565,405.4,2.6,7.2,6.5,0,1.2,0.1,25,8.4
2025-11-17T11:04:00.125342+02:00,587,304,283,618,-16,44,389.565,405.4,2.6,7.2,6.5,0,1.2,0.1,25,8.4
2025-11-17T11:05:00.126266+02:00,580,286,294,600,12,9,389.565,405.4,2.6,7.2,6.5,0,1.2,0.1,25,8.4
2025-11-17T11:06:00.126638+02:00,622,300,322,706,32,48,378.445,365.425,2.6,7.2,6.5,0,1.2,0.1,25,8.4
2025-11-17T11:07:00.125643+02:00,649,311,338,675,-7,67,378.445,365.425,2.6,7.2,6.5,0,1.2,0.1,25,8.4
2025-11-17T11:08:00.127135+02:00,711,348,363,675,29,-55,378.445,365.425,2.6,7.2,6.5,0,1.2,0.1,25,8.4
2025-11-17T11:09:00.125771+02:00,809,408,401,778,37,-61,378.445,365.425,2.6,7.2,6.5,0,1.2,0.1,25,8.4
2025-11-17T11:10:00.126666+02:00,907,449,458,750,64,-155,378.445,365.425,2.6,7.2,6.5,0,1.2,0.1,25,8.4
2025-11-17T11:11:00.126155+02:00,961,473,488,817,35,-123,387.29,394.975,2.7,7.4,6.5,0,1.3,0.1,25,8.425
2025-11-17T11:12:00.126155+02:00,988,483,505,728,2,-222,387.29,394.975,2.7,7.4,6.5,0,1.3,0.1,25,8.425
2025-11-17T11:13:00.126003+02:00,1001,486,515,744,9,-233,387.29,394.975,2.7,7.4,6.5,0,1.3,0.1,25,8.425
2025-11-17T11:14:00.125536+02:00,960,465,495,676,28,-292,387.29,394.975,2.7,7.4,6.5,0,1.3,0.1,25,8.425
2025-11-17T11:15:00.126185+02:00,936,455,481,685,15,-203,387.29,394.975,2.7,7.4,6.5,0,1.3,0.1,25,8.425
2025-11-17T11:16:00.125510+02:00,943,459,484,681,5,-224,389.035,399.45,2.7,7.4,6.5,0,1.3,0.1,25,8.5
2025-11-17T11:17:00.126187+02:00,965,469,496,712,33,-263,389.035,399.45,2.7,7.4,6.5,0,1.3,0.1,25,8.5
2025-11-17T11:18:00.127036+02:00,1010,491,519,742,-5,-252,389.035,399.45,2.7,7.4,6.5,0,1.3,0.1,25,8.5
2025-11-17T11:19:00.126175+02:00,1022,496,526,801,31,-215,389.035,399.45,2.7,7.4,6.5,0,1.3,0.1,25,8.5
2025-11-17T11:20:00.125798+02:00,1050,509,541,781,18,-260,389.035,399.45,2.7,7.4,6.5,0,1.3,0.1,25,8.5
2025-11-17T11:21:00.127848+02:00,1102,537,565,744,40,-336,389.685,396.745,2.9,7.5,6.5,0,1.3,0.1,25,8.5
2025-11-17T11:22:00.126256+02:00,1223,597,626,703,-5,-491,389.685,396.745,2.9,7.5,6.5,0,1.3,0.1,25,8.5
2025-11-17T11:23:00.127226+02:00,1377,675,702,778,30,-566,389.685,396.745,2.9,7.5,6.5,0,1.3,0.1,25,8.5
2025-11-17T11:24:00.127185+02:00,1595,785,810,768,41,-801,389.685,396.745,2.9,7.5,6.5,0,1.3,0.1,25,8.5
2025-11-17T11:25:00.126132+02:00,1987,988,999,846,41,-1080,389.685,396.745,2.9,7.5,6.5,0,1.3,0.1,25,8.5
2025-11-17T11:26:00.127333+02:00,2129,1058,1071,684,10,-1410,394.27,403.74,2.9,7.5,6.5,0,1.3,0.1,25,8.5
2025-11-17T11:27:00.126199+02:00,2327,1160,1167,666,5,-1604,394.27,403.74,2.9,7.5,6.5,0,1.3,0.1,25,8.5
2025-11-17T11:28:00.126303+02:00,2518,1265,1253,697,30,-1776,394.27,403.74,2.9,7.5,6.5,0,1.3,0.1,25,8.5
2025-11-17T11:29:00.125750+02:00,2529,1268,1261,717,18,-1738,394.27,403.74,2.9,7.5,6.5,0,1.3,0.1,25,8.5
2025-11-17T11:30:00.126311+02:00,2839,1445,1394,899,16,-1697,394.27,403.74,2.9,7.5,6.5,0,1.3,0.1,25,8.5
2025-11-17T11:31:00.125599+02:00,2721,1357,1364,872,25,-1761,395.095,410.21,3.2,7.6,6.5,0,1.4,0.1,25.9,8.525
2025-11-17T11:32:00.127032+02:00,2842,1419,1423,876,35,-1891,395.095,410.21,3.2,7.6,6.5,0,1.4,0.1,25.9,8.525
2025-11-17T11:33:00.127555+02:00,3176,1594,1582,891,-132,-2012,395.095,410.21,3.2,7.6,6.5,0,1.4,0.1,25.9,8.525
2025-11-17T11:34:00.126659+02:00,3648,1860,1788,932,-580,-2004,395.095,410.21,3.2,7.6,6.5,0,1.4,0.1,25.9,8.525
2025-11-17T11:35:00.126036+02:00,3271,1648,1623,842,-305,-2014,395.095,410.21,3.2,7.6,6.5,0,1.4,0.1,25.9,8.525
2025-11-17T11:36:00.125850+02:00,3207,1620,1587,1051,-420,-1989,391.845,411.565,3.2,7.6,6.5,0,1.4,0.1,26.7,8.615
2025-11-17T11:37:00.126975+02:00,4055,2110,1945,1156,-776,-2010,391.845,411.565,3.2,7.6,6.5,0,1.4,0.1,26.7,8.615
2025-11-17T11:38:00.125491+02:00,4631,2397,2234,1176,-1338,-2046,391.845,411.565,3.2,7.6,6.5,0,1.4,0.1,26.7,8.615
2025-11-17T11:39:00.125894+02:00,4945,2528,2417,1008,-1820,-2014,391.845,411.565,3.2,7.6,6.5,0,1.4,0.1,26.7,8.615
2025-11-17T11:40:00.126120+02:00,4631,2370,2261,1069,-1405,-2017,391.845,411.565,3.2,7.6,6.5,0,1.4,0.1,26.7,8.615
2025-11-17T11:41:00.125679+02:00,4887,2501,2386,1033,-1711,-2016,390.715,393.58,3.8,7.8,6.5,0.1,1.8,0.1,27.55,8.72
2025-11-17T11:42:00.126166+02:00,4533,2320,2213,1010,-1387,-2011,390.715,393.58,3.8,7.8,6.5,0.1,1.8,0.1,27.55,8.72
2025-11-17T11:43:00.126164+02:00,4311,2205,2106,1097,-1061,-2029,390.715,393.58,3.8,7.8,6.5,0.1,1.8,0.1,27.55,8.72
2025-11-17T11:44:00.126054+02:00,4461,2280,2181,1121,-1176,-2011,390.715,393.58,3.8,7.8,6.5,0.1,1.8,0.1,27.55,8.72
2025-11-17T11:45:00.125520+02:00,4350,2208,2142,1037,-1164,-2014,390.715,393.58,3.8,7.8,6.5,0.1,1.8,0.1,27.55,8.72
2025-11-17T11:46:00.126024+02:00,5231,2669,2562,1213,-1770,-2012,386.405,377.215,3.8,7.8,6.5,0.1,1.8,0.1,28.45,8.825
2025-11-17T11:47:00.126266+02:00,5044,2551,2493,1107,-1802,-2010,386.405,377.215,3.8,7.8,6.5,0.1,1.8,0.1,28.45,8.825
2025-11-17T11:48:00.126597+02:00,5691,2898,2793,1075,-2372,-2012,386.405,377.215,3.8,7.8,6.5,0.1,1.8,0.1,28.45,8.825
2025-11-17T11:49:00.125830+02:00,6130,3106,3024,1305,-2637,-2149,386.405,377.215,3.8,7.8,6.5,0.1,1.8,0.1,28.45,8.825
2025-11-17T11:50:00.126840+02:00,4081,2058,2023,972,-940,-2011,386.405,377.215,3.8,7.8,6.5,0.1,1.8,0.1,28.45,8.825
2025-11-17T11:51:00.125928+02:00,5571,2820,2751,955,-2500,-2012,384.61,384.64,4.6,7.9,6.5,0.3,2.1,0.1,29.35,8.94
2025-11-17T11:52:00.125766+02:00,5782,2920,2862,963,-2670,-2010,384.61,384.64,4.6,7.9,6.5,0.3,2.1,0.1,29.35,8.94
2025-11-17T11:53:00.126101+02:00,6450,3257,3193,1001,-3283,-2017,384.61,384.64,4.6,7.9,6.5,0.3,2.1,0.1,29.35,8.94
2025-11-17T11:54:00.126124+02:00,6654,3349,3305,1061,-3415,-2019,384.61,384.64,4.6,7.9,6.5,0.3,2.1,0.1,29.35,8.94
2025-11-17T11:55:00.126312+02:00,5964,3001,2963,1032,-2772,-2011,384.61,384.64,4.6,7.9,6.5,0.3,2.1,0.1,29.35,8.94
2025-11-17T11:56:00.126372+02:00,3864,1951,1913,1018,-693,-1999,381.845,373.895,4.6,7.9,6.5,0.3,2.1,0.1,30.25,9.055
2025-11-17T11:57:00.125473+02:00,3614,1828,1786,774,-712,-2012,381.845,373.895,4.6,7.9,6.5,0.3,2.1,0.1,30.25,9.055
2025-11-17T11:58:00.126092+02:00,4852,2445,2407,1088,-1613,-2016,381.845,373.895,4.6,7.9,6.5,0.3,2.1,0.1,30.25,9.055
2025-11-17T11:59:00.125988+02:00,5371,2706,2665,1380,-1847,-2025,381.845,373.895,4.6,7.9,6.5,0.3,2.1,0.1,30.25,9.055
2025-11-17T12:00:00.127380+02:00,4305,2170,2135,978,-1204,-2013,381.845,373.895,4.6,7.9,6.5,0.3,2.1,0.1,30.25,9.055
2025-11-17T12:01:00.127500+02:00,4456,2238,2218,1034,-1311,-2010,382.59,376.11,5.4,8.1,6.5,0.7,2.4,0.1,31,9.17
2025-11-17T12:02:00.125947+02:00,3764,1890,1874,973,-679,-2010,382.59,376.11,5.4,8.1,6.5,0.7,2.4,0.1,31,9.17
2025-11-17T12:03:00.125579+02:00,4107,2042,2065,2852,16,-1173,382.59,376.11,5.4,8.1,6.5,0.7,2.4,0.1,31,9.17
2025-11-17T12:04:00.126499+02:00,3718,1856,1862,2862,7,-764,382.59,376.11,5.4,8.1,6.5,0.7,2.4,0.1,31,9.17
2025-11-17T12:05:00.125780+02:00,3262,1620,1642,2857,5,-296,382.59,376.11,5.4,8.1,6.5,0.7,2.4,0.1,31,9.17
2025-11-17T12:06:00.126170+02:00,3483,1726,1757,2962,10,-532,384.855,390.08,5.4,8.1,6.5,0.7,2.4,0.1,32,9.325
2025-11-17T12:07:00.125846+02:00,2852,1407,1445,3024,74,180,384.855,390.08,5.4,8.1,6.5,0.7,2.4,0.1,32,9.325
2025-11-17T12:08:00.126967+02:00,2588,1268,1320,3092,79,449,384.855,390.08,5.4,8.1,6.5,0.7,2.4,0.1,32,9.325
2025-11-17T12:09:00.125659+02:00,2437,1202,1235,2969,20,582,384.855,390.08,5.4,8.1,6.5,0.7,2.4,0.1,32,9.325
2025-11-17T12:10:00.125346+02:00,2527,1243,1284,2972,49,462,384.855,390.08,5.4,8.1,6.5,0.7,2.4,0.1,32,9.325
2025-11-17T12:11:00.127148+02:00,2551,1256,1295,3005,42,529,384.005,390.55,6.1,8.5,6.5,0.7,2.6,0.1,32,9.43
2025-11-17T12:12:00.127168+02:00,2819,1387,1432,3009,-30,287,384.005,390.55,6.1,8.5,6.5,0.7,2.6,0.1,32,9.43
2025-11-17T12:13:00.126765+02:00,2667,1314,1353,2924,-166,470,384.005,390.55,6.1,8.5,6.5,0.7,2.6,0.1,32,9.43
2025-11-17T12:14:00.126865+02:00,2952,1451,1501,2991,-106,346,384.005,390.55,6.1,8.5,6.5,0.7,2.6,0.1,32,9.43
2025-11-17T12:15:00.126734+02:00,2989,1474,1515,3215,6,260,384.005,390.55,6.1,8.5,6.5,0.7,2.6,0.1,32,9.43
2025-11-17T12:16:00.125434+02:00,5934,2934,3000,2762,-1038,-1999,388.315,389.965,6.1,8.5,6.5,0.7,2.6,0.1,32,9.5
2025-11-17T12:17:00.125980+02:00,4045,1997,2048,2863,7,-1036,388.315,389.965,6.1,8.5,6.5,0.7,2.6,0.1,32,9.5
2025-11-17T12:18:00.125722+02:00,3903,1924,1979,2872,18,-983,388.315,389.965,6.1,8.5,6.5,0.7,2.6,0.1,32,9.5
2025-11-17T12:19:00.126199+02:00,3827,1892,1935,2811,-38,-813,388.315,389.965,6.1,8.5,6.5,0.7,2.6,0.1,32,9.5
2025-11-17T12:20:00.126681+02:00,3404,1680,1724,2920,1,-397,388.315,389.965,6.1,8.5,6.5,0.7,2.6,0.1,32,9.5
2025-11-17T12:21:00.126354+02:00,3417,1681,1736,3014,98,-445,385.69,393.155,6.6,8.9,6.5,0.8,2.7,0.1,32,9.53
2025-11-17T12:22:00.125416+02:00,2451,1206,1245,2840,10,424,385.69,393.155,6.6,8.9,6.5,0.8,2.7,0.1,32,9.53
2025-11-17T12:23:00.125842+02:00,2693,1323,1370,2802,12,180,385.69,393.155,6.6,8.9,6.5,0.8,2.7,0.1,32,9.53
2025-11-17T12:24:00.125624+02:00,2533,1243,1290,2820,15,333,385.69,393.155,6.6,8.9,6.5,0.8,2.7,0.1,32,9.53
2025-11-17T12:25:00.125816+02:00,2286,1121,1165,2737,71,446,385.69,393.155,6.6,8.9,6.5,0.8,2.7,0.1,32,9.53
2025-11-17T12:26:00.126831+02:00,2244,1098,1146,2942,68,620,385.465,388.655,6.6,8.9,6.5,0.8,2.7,0.1,32,9.6
2025-11-17T12:27:00.127610+02:00,2030,989,1041,2947,243,684,385.465,388.655,6.6,8.9,6.5,0.8,2.7,0.1,32,9.6
2025-11-17T12:28:00.125883+02:00,1826,887,939,2726,4,1112,385.465,388.655,6.6,8.9,6.5,0.8,2.7,0.1,32,9.6
2025-11-17T12:29:00.126256+02:00,1783,874,909,2690,7,965,385.465,388.655,6.6,8.9,6.5,0.8,2.7,0.1,32,9.6
2025-11-17T12:30:00.126468+02:00,1766,859,907,2765,190,1111,385.465,388.655,6.6,8.9,6.5,0.8,2.7,0.1,32,9.6
2025-11-17T12:31:00.125962+02:00,1735,843,892,2783,-91,1181,385.92,388.63,7,9.4,6.5,0.8,2.7,0.2,32,9.6
2025-11-17T12:32:00.126130+02:00,1702,824,878,2627,-11,988,385.92,388.63,7,9.4,6.5,0.8,2.7,0.2,32,9.6
2025-11-17T12:33:00.125718+02:00,1716,836,880,1167,-12,-477,385.92,388.63,7,9.4,6.5,0.8,2.7,0.2,32,9.6
2025-11-17T12:34:00.125746+02:00,1737,850,887,1260,-33,-394,385.92,388.63,7,9.4,6.5,0.8,2.7,0.2,32,9.6
2025-11-17T12:35:00.125552+02:00,1816,886,930,1254,16,-524,385.92,388.63,7,9.4,6.5,0.8,2.7,0.2,32,9.6
2025-11-17T12:36:00.125696+02:00,2062,1006,1056,1228,65,-788,386.43,389.53,7,9.4,6.5,0.8,2.7,0.2,32,9.7
2025-11-17T12:37:00.126179+02:00,2117,1038,1079,1158,-9,-851,386.43,389.53,7,9.4,6.5,0.8,2.7,0.2,32,9.7
2025-11-17T12:38:00.125731+02:00,2015,989,1026,1228,5,-738,386.43,389.53,7,9.4,6.5,0.8,2.7,0.2,32,9.7
2025-11-17T12:39:00.126030+02:00,2656,1305,1351,1068,3,-1518,386.43,389.53,7,9.4,6.5,0.8,2.7,0.2,32,9.7
2025-11-17T12:40:00.127137+02:00,2810,1382,1428,1075,-116,-1438,386.43,389.53,7,9.4,6.5,0.8,2.7,0.2,32,9.7
2025-11-17T12:41:00.126069+02:00,2937,1445,1492,1025,14,-1839,389.915,394.68,7.4,9.7,6.5,0.8,2.8,0.3,32,9.7
2025-11-17T12:42:00.125950+02:00,3268,1618,1650,1122,-156,-1812,389.915,394.68,7.4,9.7,6.5,0.8,2.8,0.3,32,9.7
2025-11-17T12:43:00.126151+02:00,3830,1887,1943,1525,-543,-2015,389.915,394.68,7.4,9.7,6.5,0.8,2.8,0.3,32,9.7
2025-11-17T12:44:00.126222+02:00,3945,1949,1996,1233,-663,-2001,389.915,394.68,7.4,9.7,6.5,0.8,2.8,0.3,32,9.7
2025-11-17T12:45:00.125754+02:00,2606,1276,1330,1088,79,-1366,389.915,394.68,7.4,9.7,6.5,0.8,2.8,0.3,32,9.7
2025-11-17T12:46:00.126066+02:00,2651,1301,1350,1208,95,-1534,388.68,391.7,7.4,9.7,6.5,0.8,2.8,0.3,32.6,9.77
2025-11-17T12:47:00.126238+02:00,2179,1067,1112,1065,-8,-1054,388.68,391.7,7.4,9.7,6.5,0.8,2.8,0.3,32.6,9.77
2025-11-17T12:48:00.126842+02:00,1887,917,970,1093,13,-730,388.68,391.7,7.4,9.7,6.5,0.8,2.8,0.3,32.6,9.77
2025-11-17T12:49:00.126372+02:00,1697,824,873,927,-220,-356,388.68,391.7,7.4,9.7,6.5,0.8,2.8,0.3,32.6,9.77
2025-11-17T12:50:00.126202+02:00,1614,784,830,1135,6,-450,388.68,391.7,7.4,9.7,6.5,0.8,2.8,0.3,32.6,9.77
2025-11-17T12:51:00.125390+02:00,1662,810,852,1247,28,-395,385.425,390.885,7.8,9.9,6.5,0.8,3.1,0.3,33,9.875
2025-11-17T12:52:00.125633+02:00,1612,780,832,1252,5,-352,385.425,390.885,7.8,9.9,6.5,0.8,3.1,0.3,33,9.875
2025-11-17T12:53:00.125645+02:00,1563,757,806,1236,21,-298,385.425,390.885,7.8,9.9,6.5,0.8,3.1,0.3,33,9.875
2025-11-17T12:54:00.126680+02:00,1483,720,763,1229,22,-249,385.425,390.885,7.8,9.9,6.5,0.8,3.1,0.3,33,9.875
2025-11-17T12:55:00.125570+02:00,1327,641,686,938,17,-363,385.425,390.885,7.8,9.9,6.5,0.8,3.1,0.3,33,9.875
2025-11-17T12:56:00.125995+02:00,1154,553,601,914,29,-246,384.945,388.895,7.8,9.9,6.5,0.8,3.1,0.3,33,9.995
2025-11-17T12:57:00.125613+02:00,1014,487,527,909,10,-89,384.945,388.895,7.8,9.9,6.5,0.8,3.1,0.3,33,9.995
2025-11-17T12:58:00.126067+02:00,897,426,471,895,11,-20,384.945,388.895,7.8,9.9,6.5,0.8,3.1,0.3,33,9.995
2025-11-17T12:59:00.125760+02:00,820,393,427,847,16,29,384.945,388.895,7.8,9.9,6.5,0.8,3.1,0.3,33,9.995
2025-11-17T13:00:00.126282+02:00,738,338,400,931,18,187,384.945,388.895,7.8,9.9,6.5,0.8,3.1,0.3,33,9.995
2025-11-17T13:01:00.125896+02:00,692,317,375,865,26,201,378.94,387.325,8.1,10.1,6.5,0.8,3.1,0.3,33,10.09
2025-11-17T13:02:00.125991+02:00,668,309,359,913,-2,252,378.94,387.325,8.1,10.1,6.5,0.8,3.1,0.3,33,10.09
2025-11-17T13:03:00.126639+02:00,624,301,323,976,37,330,378.94,387.325,8.1,10.1,6.5,0.8,3.1,0.3,33,10.09
2025-11-17T13:04:00.125791+02:00,589,301,288,1056,105,424,378.94,387.325,8.1,10.1,6.5,0.8,3.1,0.3,33,10.09
2025-11-17T13:05:00.125870+02:00,560,287,273,950,32,617,378.94,387.325,8.1,10.1,6.5,0.8,3.1,0.3,33,10.09
2025-11-17T13:06:00.125471+02:00,592,283,309,973,69,292,362.18,343.455,8.1,10.1,6.5,0.8,3.1,0.3,33,10.165
2025-11-17T13:07:00.126122+02:00,616,284,332,1175,53,673,362.18,343.455,8.1,10.1,6.5,0.8,3.1,0.3,33,10.165
2025-11-17T13:08:00.126148+02:00,610,281,329,1400,269,353,362.18,343.455,8.1,10.1,6.5,0.8,3.1,0.3,33,10.165
2025-11-17T13:09:00.126696+02:00,612,281,331,1107,42,587,362.18,343.455,8.1,10.1,6.5,0.8,3.1,0.3,33,10.165
2025-11-17T13:10:00.126391+02:00,614,288,326,1419,198,447,362.18,343.455,8.1,10.1,6.5,0.8,3.1,0.3,33,10.165
2025-11-17T13:11:00.126903+02:00,630,289,341,1583,105,1271,369.25,380.465,8.2,10.2,6.5,0.8,3.1,0.3,33,10.215
2025-11-17T13:12:00.125946+02:00,628,289,339,916,-388,654,369.25,380.465,8.2,10.2,6.5,0.8,3.1,0.3,33,10.215
2025-11-17T13:13:00.126180+02:00,584,268,316,2097,9,1501,369.25,380.465,8.2,10.2,6.5,0.8,3.1,0.3,33,10.215
2025-11-17T13:14:00.126142+02:00,557,251,306,1870,7,1295,369.25,380.465,8.2,10.2,6.5,0.8,3.1,0.3,33,10.215
2025-11-17T13:15:00.126374+02:00,534,242,292,3991,-26,3532,369.25,380.465,8.2,10.2,6.5,0.8,3.1,0.3,33,10.215
2025-11-17T13:16:00.127259+02:00,542,246,296,4124,32,3625,376.62,381.54,8.2,10.2,6.5,0.8,3.1,0.3,32.5,10.3
2025-11-17T13:17:00.127762+02:00,545,248,297,3813,-7,3346,376.62,381.54,8.2,10.2,6.5,0.8,3.1,0.3,32.5,10.3
2025-11-17T13:18:00.127184+02:00,543,245,298,3600,-72,3288,376.62,381.54,8.2,10.2,6.5,0.8,3.1,0.3,32.5,10.3
2025-11-17T13:19:00.125613+02:00,515,234,281,3599,-114,3225,376.62,381.54,8.2,10.2,6.5,0.8,3.1,0.3,32.5,10.3
2025-11-17T13:20:00.125362+02:00,451,203,248,4099,645,3426,376.62,381.54,8.2,10.2,6.5,0.8,3.1,0.3,32.5,10.3
2025-11-17T13:21:00.126434+02:00,388,177,211,3417,12,3040,385.305,380.88,8.3,10.7,6.5,0.8,3.1,0.7,31.3,10.375
2025-11-17T13:22:00.125441+02:00,336,158,178,3439,78,3055,385.305,380.88,8.3,10.7,6.5,0.8,3.1,0.7,31.3,10.375
2025-11-17T13:23:00.125944+02:00,313,150,163,3984,8,3709,385.305,380.88,8.3,10.7,6.5,0.8,3.1,0.7,31.3,10.375
2025-11-17T13:24:00.125946+02:00,321,145,176,4004,42,3686,385.305,380.88,8.3,10.7,6.5,0.8,3.1,0.7,31.3,10.375
2025-11-17T13:25:00.126233+02:00,334,147,187,3773,4,3471,385.305,380.88,8.3,10.7,6.5,0.8,3.1,0.7,31.3,10.375
2025-11-17T13:26:00.126159+02:00,356,155,201,3825,98,3442,372,331.858,8.3,10.7,6.5,0.8,3.1,0.7,29.737,10.474
2025-11-17T13:27:00.125831+02:00,359,151,208,3930,38,3654,372,331.858,8.3,10.7,6.5,0.8,3.1,0.7,29.737,10.474
2025-11-17T13:28:00.126432+02:00,373,160,213,3952,7,3631,372,331.858,8.3,10.7,6.5,0.8,3.1,0.7,29.737,10.474
2025-11-17T13:29:00.126212+02:00,359,151,208,3711,8,3388,372,331.858,8.3,10.7,6.5,0.8,3.1,0.7,29.737,10.474
2025-11-17T13:30:00.127316+02:00,353,147,206,3744,17,3426,372,331.858,8.3,10.7,6.5,0.8,3.1,0.7,29.737,10.474
2025-11-17T13:31:00.125723+02:00,343,140,203,2233,-86,1896,365.57,379.09,8.3,11.3,6.5,0.8,3.1,1.2,28.05,10.58
2025-11-17T13:32:00.126112+02:00,351,151,200,2198,-106,2013,365.57,379.09,8.3,11.3,6.5,0.8,3.1,1.2,28.05,10.58
2025-11-17T13:33:00.125979+02:00,369,165,204,2183,23,1803,365.57,379.09,8.3,11.3,6.5,0.8,3.1,1.2,28.05,10.58
2025-11-17T13:34:00.125791+02:00,386,179,207,1904,4,1543,365.57,379.09,8.3,11.3,6.5,0.8,3.1,1.2,28.05,10.58
2025-11-17T13:35:00.125407+02:00,450,197,253,2069,-39,1707,365.57,379.09,8.3,11.3,6.5,0.8,3.1,1.2,28.05,10.58
2025-11-17T13:36:00.128452+02:00,465,210,255,2155,32,1675,378.54,371.13,8.3,11.3,6.5,0.8,3.1,1.2,26.95,10.685
2025-11-17T13:37:00.125987+02:00,447,201,246,2166,10,1721,378.54,371.13,8.3,11.3,6.5,0.8,3.1,1.2,26.95,10.685
2025-11-17T13:38:00.125636+02:00,435,195,240,2204,31,1736,378.54,371.13,8.3,11.3,6.5,0.8,3.1,1.2,26.95,10.685
2025-11-17T13:39:00.126121+02:00,418,183,235,2156,2,1747,378.54,371.13,8.3,11.3,6.5,0.8,3.1,1.2,26.95,10.685
2025-11-17T13:40:00.125744+02:00,352,165,187,2260,193,1860,378.54,371.13,8.3,11.3,6.5,0.8,3.1,1.2,26.95,10.685
2025-11-17T13:41:00.126225+02:00,339,168,171,2132,97,1768,375.935,348,8.4,11.7,6.5,0.8,3.1,1.6,26,10.73
2025-11-17T13:42:00.126932+02:00,345,169,176,855,-296,576,375.935,348,8.4,11.7,6.5,0.8,3.1,1.6,26,10.73
2025-11-17T13:43:00.127109+02:00,359,175,184,1085,13,722,375.935,348,8.4,11.7,6.5,0.8,3.1,1.6,26,10.73
2025-11-17T13:44:00.127343+02:00,390,191,199,1160,47,730,375.935,348,8.4,11.7,6.5,0.8,3.1,1.6,26,10.73
2025-11-17T13:45:00.125788+02:00,437,197,240,1108,17,707,375.935,348,8.4,11.7,6.5,0.8,3.1,1.6,26,10.73
2025-11-17T13:46:00.125769+02:00,489,230,259,2303,46,1786,380.195,337.995,8.4,11.7,6.5,0.8,3.1,1.6,25.3,10.8
2025-11-17T13:47:00.126176+02:00,533,251,282,2377,45,1816,380.195,337.995,8.4,11.7,6.5,0.8,3.1,1.6,25.3,10.8
2025-11-17T13:48:00.126142+02:00,591,280,311,2313,7,1726,380.195,337.995,8.4,11.7,6.5,0.8,3.1,1.6,25.3,10.8
2025-11-17T13:49:00.127544+02:00,661,314,347,2371,9,1717,380.195,337.995,8.4,11.7,6.5,0.8,3.1,1.6,25.3,10.8
2025-11-17T13:50:00.126325+02:00,739,355,384,2384,-9,1412,380.195,337.995,8.4,11.7,6.5,0.8,3.1,1.6,25.3,10.8
2025-11-17T13:51:00.126451+02:00,800,380,420,2060,0,1273,382.78,393.41,8.5,12,6.5,0.8,3.1,1.8,24.8,10.82
2025-11-17T13:52:00.126475+02:00,898,430,468,2093,14,1138,382.78,393.41,8.5,12,6.5,0.8,3.1,1.8,24.8,10.82
2025-11-17T13:53:00.125517+02:00,1029,494,535,2380,7,1376,382.78,393.41,8.5,12,6.5,0.8,3.1,1.8,24.8,10.82
2025-11-17T13:54:00.127679+02:00,1194,575,619,2369,45,1170,382.78,393.41,8.5,12,6.5,0.8,3.1,1.8,24.8,10.82
2025-11-17T13:55:00.126790+02:00,1386,669,717,2148,5,800,382.78,393.41,8.5,12,6.5,0.8,3.1,1.8,24.8,10.82
2025-11-17T13:56:00.126859+02:00,1610,784,826,5346,803,2874,392.245,396.605,8.5,12,6.5,0.8,3.1,1.8,24,10.9
2025-11-17T13:57:00.126334+02:00,1831,894,937,4424,39,2758,392.245,396.605,8.5,12,6.5,0.8,3.1,1.8,24,10.9
2025-11-17T13:58:00.126354+02:00,2616,1282,1334,2387,35,-166,392.245,396.605,8.5,12,6.5,0.8,3.1,1.8,24,10.9
2025-11-17T13:59:00.126364+02:00,2171,1059,1112,2176,21,-3,392.245,396.605,8.5,12,6.5,0.8,3.1,1.8,24,10.9
2025-11-17T14:00:00.126534+02:00,1704,824,880,2244,5,569,392.245,396.605,8.5,12,6.5,0.8,3.1,1.8,24,10.9
2025-11-17T14:01:00.127229+02:00,1463,707,756,2469,81,897,391.51,395.25,8.7,12.4,6.6,0.8,3.1,2,23.2,10.92
2025-11-17T14:02:00.126109+02:00,1362,654,708,2200,13,854,391.51,395.25,8.7,12.4,6.6,0.8,3.1,2,23.2,10.92
2025-11-17T14:03:00.125684+02:00,1262,611,651,2245,-1,1004,391.51,395.25,8.7,12.4,6.6,0.8,3.1,2,23.2,10.92
2025-11-17T14:04:00.126447+02:00,1716,835,881,2785,68,578,391.51,395.25,8.7,12.4,6.6,0.8,3.1,2,23.2,10.92
2025-11-17T14:05:00.125555+02:00,1738,852,886,2526,3,815,391.51,395.25,8.7,12.4,6.6,0.8,3.1,2,23.2,10.92
2025-11-17T14:06:00.126300+02:00,1354,656,698,2177,-53,894,387.76,393.545,8.7,12.4,6.6,0.8,3.1,2,23,11
2025-11-17T14:07:00.127166+02:00,1547,758,789,2187,19,760,387.76,393.545,8.7,12.4,6.6,0.8,3.1,2,23,11
2025-11-17T14:08:00.126798+02:00,1800,879,921,2804,6,995,387.76,393.545,8.7,12.4,6.6,0.8,3.1,2,23,11
2025-11-17T14:09:00.125925+02:00,1654,802,852,2076,15,440,387.76,393.545,8.7,12.4,6.6,0.8,3.1,2,23,11
2025-11-17T14:10:00.126496+02:00,1529,739,790,2102,9,587,387.76,393.545,8.7,12.4,6.6,0.8,3.1,2,23,11
2025-11-17T14:11:00.125866+02:00,1691,824,867,2204,157,491,388.425,390.405,9,12.8,6.6,0.8,3.1,2.1,23,11
2025-11-17T14:12:00.125685+02:00,1498,726,772,2233,10,739,388.425,390.405,9,12.8,6.6,0.8,3.1,2.1,23,11
2025-11-17T14:13:00.126117+02:00,1317,636,681,2306,9,997,388.425,390.405,9,12.8,6.6,0.8,3.1,2.1,23,11
2025-11-17T14:14:00.125471+02:00,1260,605,655,2056,7,823,388.425,390.405,9,12.8,6.6,0.8,3.1,2.1,23,11
2025-11-17T14:15:00.126202+02:00,1203,578,625,2428,246,897,388.425,390.405,9,12.8,6.6,0.8,3.1,2.1,23,11
2025-11-17T14:16:00.125982+02:00,1429,694,735,2247,25,813,384.68,388.52,9,12.8,6.6,0.8,3.1,2.1,22.25,11.1
2025-11-17T14:17:00.126198+02:00,1076,510,566,2126,4,1082,384.68,388.52,9,12.8,6.6,0.8,3.1,2.1,22.25,11.1
2025-11-17T14:18:00.126101+02:00,975,465,510,2299,2,1345,384.68,388.52,9,12.8,6.6,0.8,3.1,2.1,22.25,11.1
2025-11-17T14:19:00.127214+02:00,811,422,389,2042,15,1235,384.68,388.52,9,12.8,6.6,0.8,3.1,2.1,22.25,11.1
2025-11-17T14:20:00.126908+02:00,793,373,420,1987,8,1216,384.68,388.52,9,12.8,6.6,0.8,3.1,2.1,22.25,11.1
2025-11-17T14:21:00.125746+02:00,705,335,370,2170,122,1353,382.855,370.935,9.2,13.2,6.6,0.8,3.1,2.3,22,11.1
2025-11-17T14:22:00.125590+02:00,666,307,359,2024,4,1379,382.855,370.935,9.2,13.2,6.6,0.8,3.1,2.3,22,11.1
2025-11-17T14:23:00.126108+02:00,596,291,305,2063,0,1493,382.855,370.935,9.2,13.2,6.6,0.8,3.1,2.3,22,11.1
2025-11-17T14:24:00.126180+02:00,546,262,284,2072,6,1547,382.855,370.935,9.2,13.2,6.6,0.8,3.1,2.3,22,11.1
2025-11-17T14:25:00.126029+02:00,520,240,280,1189,22,748,382.855,370.935,9.2,13.2,6.6,0.8,3.1,2.3,22,11.1
2025-11-17T14:26:00.126064+02:00,465,211,254,1141,-7,704,375.675,358.81,9.2,13.2,6.6,0.8,3.1,2.3,21.35,11.145
2025-11-17T14:27:00.125889+02:00,409,182,227,1099,22,860,375.675,358.81,9.2,13.2,6.6,0.8,3.1,2.3,21.35,11.145
2025-11-17T14:28:00.126007+02:00,345,163,182,1265,23,914,375.675,358.81,9.2,13.2,6.6,0.8,3.1,2.3,21.35,11.145
2025-11-17T14:29:00.125379+02:00,332,160,172,1220,24,887,375.675,358.81,9.2,13.2,6.6,0.8,3.1,2.3,21.35,11.145
2025-11-17T14:30:00.126404+02:00,348,165,183,1380,22,1026,375.675,358.81,9.2,13.2,6.6,0.8,3.1,2.3,21.35,11.145
2025-11-17T14:31:00.125927+02:00,398,178,220,1116,21,756,367.545,328.405,9.3,13.5,6.6,0.8,3.1,2.5,21,11.2
2025-11-17T14:32:00.126070+02:00,456,202,254,1377,16,865,367.545,328.405,9.3,13.5,6.6,0.8,3.1,2.5,21,11.2
2025-11-17T14:33:00.125632+02:00,515,231,284,1646,17,1091,367.545,328.405,9.3,13.5,6.6,0.8,3.1,2.5,21,11.2
2025-11-17T14:34:00.126962+02:00,556,250,306,1831,62,1203,367.545,328.405,9.3,13.5,6.6,0.8,3.1,2.5,21,11.2
2025-11-17T14:35:00.126636+02:00,627,287,340,2819,2897,-641,367.545,328.405,9.3,13.5,6.6,0.8,3.1,2.5,21,11.2
2025-11-17T14:36:00.126154+02:00,724,340,384,2284,1754,2167,362.805,376.545,9.3,13.5,6.6,0.8,3.1,2.5,20.8,11.215
2025-11-17T14:37:00.125695+02:00,755,345,410,2580,2572,-755,362.805,376.545,9.3,13.5,6.6,0.8,3.1,2.5,20.8,11.215
2025-11-17T14:38:00.127115+02:00,762,349,413,1387,37,423,362.805,376.545,9.3,13.5,6.6,0.8,3.1,2.5,20.8,11.215
2025-11-17T14:39:00.127347+02:00,754,337,417,1211,-161,695,362.805,376.545,9.3,13.5,6.6,0.8,3.1,2.5,20.8,11.215
2025-11-17T14:40:00.125689+02:00,739,342,397,1154,40,424,362.805,376.545,9.3,13.5,6.6,0.8,3.1,2.5,20.8,11.215
2025-11-17T14:41:00.126213+02:00,685,319,366,1045,1100,-667,361.1,387.555,9.4,13.7,6.7,0.8,3.1,2.6,20.5,11.3
2025-11-17T14:42:00.125599+02:00,644,298,346,1267,1449,-781,361.1,387.555,9.4,13.7,6.7,0.8,3.1,2.6,20.5,11.3
2025-11-17T14:43:00.126424+02:00,602,279,323,1428,1202,-643,361.1,387.555,9.4,13.7,6.7,0.8,3.1,2.6,20.5,11.3
2025-11-17T14:44:00.125659+02:00,603,277,326,1160,15,561,361.1,387.555,9.4,13.7,6.7,0.8,3.1,2.6,20.5,11.3
2025-11-17T14:45:00.126193+02:00,629,291,338,1640,617,28,361.1,387.555,9.4,13.7,6.7,0.8,3.1,2.6,20.5,11.3
2025-11-17T14:46:00.126154+02:00,645,305,340,1362,41,697,382.635,371.075,9.4,13.7,6.7,0.8,3.1,2.6,20.65,11.32
2025-11-17T14:47:00.126472+02:00,612,294,318,997,1013,-621,382.635,371.075,9.4,13.7,6.7,0.8,3.1,2.6,20.65,11.32
2025-11-17T14:48:00.127360+02:00,563,266,297,1552,24,1038,382.635,371.075,9.4,13.7,6.7,0.8,3.1,2.6,20.65,11.32
2025-11-17T14:49:00.126539+02:00,566,256,310,1317,1400,-614,382.635,371.075,9.4,13.7,6.7,0.8,3.1,2.6,20.65,11.32
2025-11-17T14:50:00.127034+02:00,559,254,305,1142,1404,-636,382.635,371.075,9.4,13.7,6.7,0.8,3.1,2.6,20.65,11.32
2025-11-17T14:51:00.126465+02:00,534,240,294,1150,6,601,384.725,358.42,9.5,14,6.8,0.8,3.2,2.6,20.55,11.4
2025-11-17T14:52:00.126980+02:00,511,227,284,1123,1205,-539,384.725,358.42,9.5,14,6.8,0.8,3.2,2.6,20.55,11.4
2025-11-17T14:53:00.125501+02:00,466,207,259,1067,1149,-517,384.725,358.42,9.5,14,6.8,0.8,3.2,2.6,20.55,11.4
2025-11-17T14:54:00.125348+02:00,463,200,263,863,32,412,384.725,358.42,9.5,14,6.8,0.8,3.2,2.6,20.55,11.4
2025-11-17T14:55:00.126282+02:00,447,195,252,837,-34,488,384.725,358.42,9.5,14,6.8,0.8,3.2,2.6,20.55,11.4
2025-11-17T14:56:00.126716+02:00,425,180,245,724,818,-460,367.116,378.195,9.5,14,6.8,0.8,3.2,2.6,20.526,11.4
2025-11-17T14:57:00.126834+02:00,416,180,236,974,1071,-479,367.116,378.195,9.5,14,6.8,0.8,3.2,2.6,20.526,11.4
2025-11-17T14:58:00.125974+02:00,394,175,219,807,893,-424,367.116,378.195,9.5,14,6.8,0.8,3.2,2.6,20.526,11.4
2025-11-17T14:59:00.125460+02:00,388,173,215,873,966,-408,367.116,378.195,9.5,14,6.8,0.8,3.2,2.6,20.526,11.4
2025-11-17T15:00:00.126061+02:00,373,169,204,1216,166,339,367.116,378.195,9.5,14,6.8,0.8,3.2,2.6,20.526,11.4
2025-11-17T15:01:00.126023+02:00,354,162,192,1029,1112,-391,375.03,348.525,9.6,14.1,6.9,0.8,3.2,2.7,20.6,11.5
2025-11-17T15:02:00.126317+02:00,342,163,179,779,897,-377,375.03,348.525,9.6,14.1,6.9,0.8,3.2,2.7,20.6,11.5
2025-11-17T15:03:00.125912+02:00,345,161,184,871,5,551,375.03,348.525,9.6,14.1,6.9,0.8,3.2,2.7,20.6,11.5
2025-11-17T15:04:00.126576+02:00,360,167,193,810,11,491,375.03,348.525,9.6,14.1,6.9,0.8,3.2,2.7,20.6,11.5
2025-11-17T15:05:00.126478+02:00,376,175,201,821,903,-406,375.03,348.525,9.6,14.1,6.9,0.8,3.2,2.7,20.6,11.5
2025-11-17T15:06:00.126261+02:00,391,179,212,729,17,373,374.43,320.015,9.6,14.1,6.9,0.8,3.2,2.7,20.5,11.5
2025-11-17T15:07:00.126628+02:00,405,181,224,734,76,283,374.43,320.015,9.6,14.1,6.9,0.8,3.2,2.7,20.5,11.5
2025-11-17T15:08:00.126659+02:00,408,171,237,673,1,294,374.43,320.015,9.6,14.1,6.9,0.8,3.2,2.7,20.5,11.5
2025-11-17T15:09:00.126270+02:00,434,190,244,619,704,-528,374.43,320.015,9.6,14.1,6.9,0.8,3.2,2.7,20.5,11.5
2025-11-17T15:10:00.126089+02:00,452,198,254,606,686,-473,374.43,320.015,9.6,14.1,6.9,0.8,3.2,2.7,20.5,11.5
2025-11-17T15:11:00.125805+02:00,478,212,266,330,173,112,385.365,372.5,9.6,14.3,7,0.8,3.3,2.7,20.7,11.5
2025-11-17T15:12:00.125719+02:00,485,216,269,663,25,182,385.365,372.5,9.6,14.3,7,0.8,3.3,2.7,20.7,11.5
2025-11-17T15:13:00.127618+02:00,504,221,283,611,32,121,385.365,372.5,9.6,14.3,7,0.8,3.3,2.7,20.7,11.5
2025-11-17T15:14:00.127356+02:00,520,237,283,654,3,155,385.365,372.5,9.6,14.3,7,0.8,3.3,2.7,20.7,11.5
2025-11-17T15:15:00.125685+02:00,536,235,301,610,12,87,385.365,372.5,9.6,14.3,7,0.8,3.3,2.7,20.7,11.5
2025-11-17T15:16:00.126937+02:00,556,248,308,614,31,40,368.625,386.13,9.6,14.3,7,0.8,3.3,2.7,20.85,11.5
2025-11-17T15:17:00.126318+02:00,558,250,308,595,4,35,368.625,386.13,9.6,14.3,7,0.8,3.3,2.7,20.85,11.5
2025-11-17T15:18:00.125557+02:00,549,247,302,689,8,146,368.625,386.13,9.6,14.3,7,0.8,3.3,2.7,20.85,11.5
2025-11-17T15:19:00.126080+02:00,546,243,303,697,55,96,368.625,386.13,9.6,14.3,7,0.8,3.3,2.7,20.85,11.5
2025-11-17T15:20:00.126080+02:00,540,239,301,762,17,247,368.625,386.13,9.6,14.3,7,0.8,3.3,2.7,20.85,11.5
2025-11-17T15:21:00.126009+02:00,531,233,298,359,232,191,363.835,375.21,9.7,14.4,7,0.8,3.3,2.7,20.75,11.445
2025-11-17T15:22:00.125734+02:00,535,236,299,743,32,181,363.835,375.21,9.7,14.4,7,0.8,3.3,2.7,20.75,11.445
2025-11-17T15:23:00.125540+02:00,530,235,295,661,814,-631,363.835,375.21,9.7,14.4,7,0.8,3.3,2.7,20.75,11.445
2025-11-17T15:24:00.126973+02:00,523,230,293,749,49,211,363.835,375.21,9.7,14.4,7,0.8,3.3,2.7,20.75,11.445
2025-11-17T15:25:00.127290+02:00,506,228,278,666,792,-581,363.835,375.21,9.7,14.4,7,0.8,3.3,2.7,20.75,11.445
2025-11-17T15:26:00.125934+02:00,469,212,257,697,38,207,370.86,384.28,9.7,14.4,7,0.8,3.3,2.7,20.75,11.4
2025-11-17T15:27:00.126474+02:00,456,200,256,623,36,187,370.86,384.28,9.7,14.4,7,0.8,3.3,2.7,20.75,11.4
2025-11-17T15:28:00.125930+02:00,436,188,248,619,756,-489,370.86,384.28,9.7,14.4,7,0.8,3.3,2.7,20.75,11.4
2025-11-17T15:29:00.125718+02:00,420,177,243,615,750,-529,370.86,384.28,9.7,14.4,7,0.8,3.3,2.7,20.75,11.4
2025-11-17T15:30:00.127402+02:00,422,182,240,702,784,-458,370.86,384.28,9.7,14.4,7,0.8,3.3,2.7,20.75,11.4
2025-11-17T15:31:00.126065+02:00,420,183,237,729,824,-477,378.53,381.33,9.8,14.5,7,0.8,3.3,2.7,20.75,11.4
2025-11-17T15:32:00.126238+02:00,411,179,232,702,782,-451,378.53,381.33,9.8,14.5,7,0.8,3.3,2.7,20.75,11.4
2025-11-17T15:33:00.125713+02:00,413,177,236,741,10,338,378.53,381.33,9.8,14.5,7,0.8,3.3,2.7,20.75,11.4
2025-11-17T15:34:00.125869+02:00,398,164,234,685,34,298,378.53,381.33,9.8,14.5,7,0.8,3.3,2.7,20.75,11.4
2025-11-17T15:35:00.125404+02:00,389,167,222,645,343,-429,378.53,381.33,9.8,14.5,7,0.8,3.3,2.7,20.75,11.4
2025-11-17T15:36:00.125983+02:00,406,177,229,668,754,-445,382.84,372.525,9.8,14.5,7,0.8,3.3,2.7,20.65,11.4
2025-11-17T15:37:00.126968+02:00,412,180,232,678,754,-448,382.84,372.525,9.8,14.5,7,0.8,3.3,2.7,20.65,11.4
2025-11-17T15:38:00.126060+02:00,412,177,235,645,763,-481,382.84,372.525,9.8,14.5,7,0.8,3.3,2.7,20.65,11.4
2025-11-17T15:39:00.125429+02:00,391,171,220,590,681,-430,382.84,372.525,9.8,14.5,7,0.8,3.3,2.7,20.65,11.4
2025-11-17T15:40:00.126019+02:00,358,162,196,609,732,-466,382.84,372.525,9.8,14.5,7,0.8,3.3,2.7,20.65,11.4
2025-11-17T15:41:00.126600+02:00,339,154,185,677,763,-394,377.163,354.1,9.9,14.6,7.1,0.8,3.4,2.8,20.579,11.4
2025-11-17T15:42:00.127061+02:00,335,150,185,946,39,593,377.163,354.1,9.9,14.6,7.1,0.8,3.4,2.8,20.579,11.4
2025-11-17T15:43:00.127450+02:00,324,146,178,649,737,-366,377.163,354.1,9.9,14.6,7.1,0.8,3.4,2.8,20.579,11.4
2025-11-17T15:44:00.126001+02:00,337,158,179,637,44,276,377.163,354.1,9.9,14.6,7.1,0.8,3.4,2.8,20.579,11.4
2025-11-17T15:45:00.125729+02:00,347,147,200,635,22,281,377.163,354.1,9.9,14.6,7.1,0.8,3.4,2.8,20.579,11.4
2025-11-17T15:46:00.126103+02:00,344,147,197,643,45,281,378.985,324.5,9.9,14.6,7.1,0.8,3.4,2.8,20.65,11.385
2025-11-17T15:47:00.125624+02:00,315,129,186,609,687,-361,378.985,324.5,9.9,14.6,7.1,0.8,3.4,2.8,20.65,11.385
2025-11-17T15:48:00.125987+02:00,280,113,167,708,13,427,378.985,324.5,9.9,14.6,7.1,0.8,3.4,2.8,20.65,11.385
2025-11-17T15:49:00.126248+02:00,241,86,155,623,701,-272,378.985,324.5,9.9,14.6,7.1,0.8,3.4,2.8,20.65,11.385
2025-11-17T15:50:00.125423+02:00,224,76,148,631,706,-268,378.985,324.5,9.9,14.6,7.1,0.8,3.4,2.8,20.65,11.385
2025-11-17T15:51:00.125755+02:00,203,72,131,633,13,443,330.45,374.585,9.9,14.7,7.2,0.8,3.4,2.8,20.5,11.3
2025-11-17T15:52:00.125721+02:00,185,71,114,676,30,445,330.45,374.585,9.9,14.7,7.2,0.8,3.4,2.8,20.5,11.3
2025-11-17T15:53:00.125975+02:00,191,76,115,654,-3,496,330.45,374.585,9.9,14.7,7.2,0.8,3.4,2.8,20.5,11.3
2025-11-17T15:54:00.126514+02:00,210,78,132,588,668,-250,330.45,374.585,9.9,14.7,7.2,0.8,3.4,2.8,20.5,11.3
2025-11-17T15:55:00.126035+02:00,213,81,132,584,684,-244,330.45,374.585,9.9,14.7,7.2,0.8,3.4,2.8,20.5,11.3
2025-11-17T15:56:00.126204+02:00,208,74,134,723,-43,501,346.945,348.06,9.9,14.7,7.2,0.8,3.4,2.8,20.4,11.3
2025-11-17T15:57:00.126993+02:00,211,79,132,727,45,491,346.945,348.06,9.9,14.7,7.2,0.8,3.4,2.8,20.4,11.3
2025-11-17T15:58:00.126128+02:00,204,72,132,756,36,567,346.945,348.06,9.9,14.7,7.2,0.8,3.4,2.8,20.4,11.3
2025-11-17T15:59:00.127160+02:00,223,82,141,651,684,-264,346.945,348.06,9.9,14.7,7.2,0.8,3.4,2.8,20.4,11.3
2025-11-17T16:00:00.126420+02:00,212,78,134,608,623,-192,346.945,348.06,9.9,14.7,7.2,0.8,3.4,2.8,20.4,11.3
2025-11-17T16:01:00.125923+02:00,172,65,107,674,774,-233,336.08,361.76,9.9,14.8,7.2,0.8,3.4,2.8,20.35,11.3
2025-11-17T16:02:00.125587+02:00,159,59,100,703,840,-255,336.08,361.76,9.9,14.8,7.2,0.8,3.4,2.8,20.35,11.3
2025-11-17T16:03:00.126107+02:00,160,57,103,677,755,-176,336.08,361.76,9.9,14.8,7.2,0.8,3.4,2.8,20.35,11.3
2025-11-17T16:04:00.125363+02:00,134,53,81,774,10,673,336.08,361.76,9.9,14.8,7.2,0.8,3.4,2.8,20.35,11.3
2025-11-17T16:05:00.126192+02:00,150,52,98,738,822,-190,336.08,361.76,9.9,14.8,7.2,0.8,3.4,2.8,20.35,11.3
2025-11-17T16:06:00.125686+02:00,145,45,100,834,903,-149,329.69,314.465,9.9,14.8,7.2,0.8,3.4,2.8,20.3,11.3
2025-11-17T16:07:00.126069+02:00,127,36,91,836,958,-216,329.69,314.465,9.9,14.8,7.2,0.8,3.4,2.8,20.3,11.3
2025-11-17T16:08:00.125562+02:00,116,32,84,854,936,-163,329.69,314.465,9.9,14.8,7.2,0.8,3.4,2.8,20.3,11.3
2025-11-17T16:09:00.126531+02:00,109,29,80,848,921,-157,329.69,314.465,9.9,14.8,7.2,0.8,3.4,2.8,20.3,11.3
2025-11-17T16:10:00.125593+02:00,115,32,83,846,929,-130,329.69,314.465,9.9,14.8,7.2,0.8,3.4,2.8,20.3,11.3
2025-11-17T16:11:00.127091+02:00,100,27,73,2316,1911,-79,348.435,363.5,10,14.9,7.4,0.8,3.4,2.9,20.15,11.3
2025-11-17T16:12:00.127119+02:00,97,23,74,828,895,-120,348.435,363.5,10,14.9,7.4,0.8,3.4,2.9,20.15,11.3
2025-11-17T16:13:00.127053+02:00,98,24,74,1036,-55,815,348.435,363.5,10,14.9,7.4,0.8,3.4,2.9,20.15,11.3
2025-11-17T16:14:00.126168+02:00,82,15,67,745,825,-106,348.435,363.5,10,14.9,7.4,0.8,3.4,2.9,20.15,11.3
2025-11-17T16:15:00.125830+02:00,80,12,68,751,816,-116,348.435,363.5,10,14.9,7.4,0.8,3.4,2.9,20.15,11.3
2025-11-17T16:16:00.126243+02:00,86,12,74,742,824,-118,277.17,355.655,10,14.9,7.4,0.8,3.4,2.9,20.2,11.3
2025-11-17T16:17:00.126084+02:00,96,21,75,743,830,-129,277.17,355.655,10,14.9,7.4,0.8,3.4,2.9,20.2,11.3
2025-11-17T16:18:00.126875+02:00,100,23,77,831,919,-128,277.17,355.655,10,14.9,7.4,0.8,3.4,2.9,20.2,11.3
2025-11-17T16:19:00.125918+02:00,124,41,83,774,204,795,277.17,355.655,10,14.9,7.4,0.8,3.4,2.9,20.2,11.3
2025-11-17T16:20:00.125739+02:00,97,23,74,747,851,-121,277.17,355.655,10,14.9,7.4,0.8,3.4,2.9,20.2,11.3
2025-11-17T16:21:00.125371+02:00,89,22,67,786,340,395,226.71,377.985,10,15.1,7.5,0.8,3.5,2.9,20.15,11.3
2025-11-17T16:22:00.126385+02:00,66,11,55,703,801,-93,226.71,377.985,10,15.1,7.5,0.8,3.5,2.9,20.15,11.3
2025-11-17T16:23:00.126144+02:00,59,9,50,711,759,-61,226.71,377.985,10,15.1,7.5,0.8,3.5,2.9,20.15,11.3
2025-11-17T16:24:00.125601+02:00,54,5,49,713,794,-94,226.71,377.985,10,15.1,7.5,0.8,3.5,2.9,20.15,11.3
2025-11-17T16:25:00.125806+02:00,51,5,46,772,835,-53,226.71,377.985,10,15.1,7.5,0.8,3.5,2.9,20.15,11.3
2025-11-17T16:26:00.126824+02:00,60,4,56,737,819,-79,184.98,335.76,10,15.1,7.5,0.8,3.5,2.9,20.15,11.3
2025-11-17T16:27:00.126010+02:00,56,4,52,753,772,-46,184.98,335.76,10,15.1,7.5,0.8,3.5,2.9,20.15,11.3
2025-11-17T16:28:00.126598+02:00,55,5,50,688,756,-70,184.98,335.76,10,15.1,7.5,0.8,3.5,2.9,20.15,11.3
2025-11-17T16:29:00.126993+02:00,55,5,50,779,949,-201,184.98,335.76,10,15.1,7.5,0.8,3.5,2.9,20.15,11.3
2025-11-17T16:30:00.125738+02:00,60,3,57,745,9,694,184.98,335.76,10,15.1,7.5,0.8,3.5,2.9,20.15,11.3
2025-11-17T16:31:00.126666+02:00,45,1,44,793,876,-87,170.145,355.055,10,15.2,7.6,0.8,3.5,2.9,20.15,11.3
2025-11-17T16:32:00.125873+02:00,40,1,39,802,886,-76,170.145,355.055,10,15.2,7.6,0.8,3.5,2.9,20.15,11.3
2025-11-17T16:33:00.127155+02:00,37,0,37,841,926,-54,170.145,355.055,10,15.2,7.6,0.8,3.5,2.9,20.15,11.3
2025-11-17T16:34:00.125567+02:00,30,0,30,798,885,-63,170.145,355.055,10,15.2,7.6,0.8,3.5,2.9,20.15,11.3
2025-11-17T16:35:00.127188+02:00,26,0,26,782,875,-91,170.145,355.055,10,15.2,7.6,0.8,3.5,2.9,20.15,11.3
2025-11-17T16:36:00.126037+02:00,29,0,29,805,888,-54,150.23,277.945,10,15.2,7.6,0.8,3.5,2.9,20.05,11.3
2025-11-17T16:37:00.126161+02:00,29,0,29,801,877,-51,150.23,277.945,10,15.2,7.6,0.8,3.5,2.9,20.05,11.3
2025-11-17T16:38:00.125526+02:00,21,0,21,784,871,-51,150.23,277.945,10,15.2,7.6,0.8,3.5,2.9,20.05,11.3
2025-11-17T16:39:00.126478+02:00,18,0,18,806,851,-34,150.23,277.945,10,15.2,7.6,0.8,3.5,2.9,20.05,11.3
2025-11-17T16:40:00.127103+02:00,14,0,14,716,813,-27,150.23,277.945,10,15.2,7.6,0.8,3.5,2.9,20.05,11.3
2025-11-17T16:41:00.127367+02:00,12,0,12,688,768,-20,124.81,226.32,10,15.3,7.8,0.8,3.5,2.9,20.05,11.3
2025-11-17T16:42:00.126186+02:00,12,0,12,711,791,-19,124.81,226.32,10,15.3,7.8,0.8,3.5,2.9,20.05,11.3
2025-11-17T16:43:00.126327+02:00,9,0,9,693,775,-14,124.81,226.32,10,15.3,7.8,0.8,3.5,2.9,20.05,11.3
2025-11-17T16:44:00.125581+02:00,6,0,6,706,788,-27,124.81,226.32,10,15.3,7.8,0.8,3.5,2.9,20.05,11.3
2025-11-17T16:45:00.125827+02:00,7,0,7,704,831,-23,124.81,226.32,10,15.3,7.8,0.8,3.5,2.9,20.05,11.3
2025-11-17T16:46:00.125640+02:00,6,0,6,714,796,-20,121.245,242.795,10,15.3,7.8,0.8,3.5,2.9,20,11.3
2025-11-17T16:47:00.126927+02:00,3,0,3,739,787,22,121.245,242.795,10,15.3,7.8,0.8,3.5,2.9,20,11.3
2025-11-17T16:48:00.127628+02:00,3,0,3,691,772,-14,121.245,242.795,10,15.3,7.8,0.8,3.5,2.9,20,11.3
2025-11-17T16:49:00.125405+02:00,1,0,1,696,779,-13,121.245,242.795,10,15.3,7.8,0.8,3.5,2.9,20,11.3
2025-11-17T16:50:00.125971+02:00,0,0,0,701,836,-19,121.245,242.795,10,15.3,7.8,0.8,3.5,2.9,20,11.3
2025-11-17T16:51:00.125458+02:00,0,0,0,699,783,-13,156.99,322.38,10,15.5,7.9,0.8,3.5,2.9,20,11.3
2025-11-17T16:52:00.126511+02:00,0,0,0,707,790,-11,156.99,322.38,10,15.5,7.9,0.8,3.5,2.9,20,11.3
2025-11-17T16:53:00.126606+02:00,0,0,0,707,785,-2,156.99,322.38,10,15.5,7.9,0.8,3.5,2.9,20,11.3
2025-11-17T16:54:00.126105+02:00,0,0,0,709,795,-8,156.99,322.38,10,15.5,7.9,0.8,3.5,2.9,20,11.3
2025-11-17T16:55:00.127598+02:00,0,0,0,700,788,-8,156.99,322.38,10,15.5,7.9,0.8,3.5,2.9,20,11.3
2025-11-17T16:56:00.125465+02:00,0,0,0,713,788,-5,150.945,309.73,10,15.5,7.9,0.8,3.5,2.9,20,11.3
2025-11-17T16:57:00.126216+02:00,0,0,0,688,772,-3,150.945,309.73,10,15.5,7.9,0.8,3.5,2.9,20,11.3
2025-11-17T16:58:00.127442+02:00,0,0,0,750,861,12,150.945,309.73,10,15.5,7.9,0.8,3.5,2.9,20,11.3
2025-11-17T16:59:00.126445+02:00,0,0,0,659,689,60,150.945,309.73,10,15.5,7.9,0.8,3.5,2.9,20,11.3
2025-11-17T17:00:00.127563+02:00,0,0,0,2558,2640,-13,150.945,309.73,10,15.5,7.9,0.8,3.5,2.9,20,11.3
2025-11-17T17:01:00.125940+02:00,0,0,0,2473,2540,18,136.855,303.585,10,15.6,8,0.8,3.5,2.9,20,11.3
2025-11-17T17:02:00.127076+02:00,0,0,0,2435,2502,-5,136.855,303.585,10,15.6,8,0.8,3.5,2.9,20,11.3
2025-11-17T17:03:00.126521+02:00,0,0,0,929,1004,16,136.855,303.585,10,15.6,8,0.8,3.5,2.9,20,11.3
2025-11-17T17:04:00.125952+02:00,0,0,0,2603,1516,20,136.855,303.585,10,15.6,8,0.8,3.5,2.9,20,11.3
2025-11-17T17:05:00.126607+02:00,0,0,0,2603,2692,17,136.855,303.585,10,15.6,8,0.8,3.5,2.9,20,11.3
2025-11-17T17:06:00.126032+02:00,0,0,0,2576,2665,21,89.325,302.88,10,15.6,8,0.8,3.5,2.9,20,11.3
2025-11-17T17:07:00.125837+02:00,0,0,0,2420,2497,-5,89.325,302.88,10,15.6,8,0.8,3.5,2.9,20,11.3
2025-11-17T17:08:00.127171+02:00,0,0,0,2672,2755,-4,89.325,302.88,10,15.6,8,0.8,3.5,2.9,20,11.3
2025-11-17T17:09:00.126052+02:00,0,0,0,1316,1402,-2,89.325,302.88,10,15.6,8,0.8,3.5,2.9,20,11.3
2025-11-17T17:10:00.125668+02:00,0,0,0,1454,1542,17,89.325,302.88,10,15.6,8,0.8,3.5,2.9,20,11.3
2025-11-17T17:11:00.127239+02:00,0,0,0,2854,3113,-128,169.563,264.147,10,15.9,8.4,0.8,3.5,2.9,20,11.3
2025-11-17T17:12:00.125705+02:00,0,0,0,2867,2939,5,169.563,264.147,10,15.9,8.4,0.8,3.5,2.9,20,11.3
2025-11-17T17:13:00.127536+02:00,0,0,0,2768,2852,0,169.563,264.147,10,15.9,8.4,0.8,3.5,2.9,20,11.3
2025-11-17T17:14:00.127205+02:00,0,0,0,1196,1262,14,169.563,264.147,10,15.9,8.4,0.8,3.5,2.9,20,11.3
2025-11-17T17:15:00.126228+02:00,0,0,0,2189,2276,1,169.563,264.147,10,15.9,8.4,0.8,3.5,2.9,20,11.3
2025-11-17T17:16:00.125793+02:00,0,0,0,2190,2281,-17,163.225,190.035,10,15.9,8.4,0.8,3.5,2.9,20,11.3
2025-11-17T17:17:00.127530+02:00,0,0,0,2177,2235,16,163.225,190.035,10,15.9,8.4,0.8,3.5,2.9,20,11.3
2025-11-17T17:18:00.125642+02:00,0,0,0,2250,2328,27,163.225,190.035,10,15.9,8.4,0.8,3.5,2.9,20,11.3
2025-11-17T17:19:00.126062+02:00,0,0,0,2161,2240,-6,163.225,190.035,10,15.9,8.4,0.8,3.5,2.9,20,11.3
2025-11-17T17:20:00.127491+02:00,0,0,0,2222,2305,3,163.225,190.035,10,15.9,8.4,0.8,3.5,2.9,20,11.3
2025-11-17T17:21:00.126031+02:00,0,0,0,639,702,23,138.68,176.115,10,16.3,8.8,0.8,3.5,2.9,20,11.3
2025-11-17T17:22:00.126734+02:00,0,0,0,2123,2244,-16,138.68,176.115,10,16.3,8.8,0.8,3.5,2.9,20,11.3
2025-11-17T17:23:00.125770+02:00,0,0,0,630,750,-29,138.68,176.115,10,16.3,8.8,0.8,3.5,2.9,20,11.3
2025-11-17T17:24:00.126314+02:00,0,0,0,669,755,-9,138.68,176.115,10,16.3,8.8,0.8,3.5,2.9,20,11.3
2025-11-17T17:25:00.127319+02:00,0,0,0,629,704,0,138.68,176.115,10,16.3,8.8,0.8,3.5,2.9,20,11.3
2025-11-17T17:26:00.126165+02:00,0,0,0,1717,1790,12,125.63,136.085,10,16.3,8.8,0.8,3.5,2.9,20,11.33
2025-11-17T17:27:00.125654+02:00,0,0,0,637,721,5,125.63,136.085,10,16.3,8.8,0.8,3.5,2.9,20,11.33
2025-11-17T17:28:00.126021+02:00,0,0,0,2263,2352,4,125.63,136.085,10,16.3,8.8,0.8,3.5,2.9,20,11.33
2025-11-17T17:29:00.126273+02:00,0,0,0,673,764,-2,125.63,136.085,10,16.3,8.8,0.8,3.5,2.9,20,11.33
2025-11-17T17:30:00.127240+02:00,0,0,0,686,770,-7,125.63,136.085,10,16.3,8.8,0.8,3.5,2.9,20,11.33
2025-11-17T17:31:00.127394+02:00,0,0,0,693,767,-9,82.93,91.385,10,16.5,9,0.8,3.5,2.9,20,11.4
2025-11-17T17:32:00.126796+02:00,0,0,0,735,812,-12,82.93,91.385,10,16.5,9,0.8,3.5,2.9,20,11.4
2025-11-17T17:33:00.126781+02:00,0,0,0,683,766,-8,82.93,91.385,10,16.5,9,0.8,3.5,2.9,20,11.4
2025-11-17T17:34:00.127472+02:00,0,0,0,718,854,-57,82.93,91.385,10,16.5,9,0.8,3.5,2.9,20,11.4
2025-11-17T17:35:00.126063+02:00,0,0,0,642,725,-5,82.93,91.385,10,16.5,9,0.8,3.5,2.9,20,11.4
2025-11-17T17:36:00.125379+02:00,0,0,0,663,745,-1,48.2,53.71,10,16.5,9,0.8,3.5,2.9,20,11.4
2025-11-17T17:37:00.127110+02:00,0,0,0,630,721,-4,48.2,53.71,10,16.5,9,0.8,3.5,2.9,20,11.4
2025-11-17T17:38:00.127446+02:00,0,0,0,627,670,35,48.2,53.71,10,16.5,9,0.8,3.5,2.9,20,11.4
2025-11-17T17:39:00.125975+02:00,0,0,0,639,648,12,48.2,53.71,10,16.5,9,0.8,3.5,2.9,20,11.4
2025-11-17T17:40:00.126749+02:00,0,0,0,622,757,-69,48.2,53.71,10,16.5,9,0.8,3.5,2.9,20,11.4
2025-11-17T17:41:00.126072+02:00,0,0,0,730,793,66,26.495,29.805,10,16.6,9.1,0.8,3.5,2.9,20,11.4
2025-11-17T17:42:00.126141+02:00,0,0,0,734,814,25,26.495,29.805,10,16.6,9.1,0.8,3.5,2.9,20,11.4
2025-11-17T17:43:00.126556+02:00,0,0,0,692,765,31,26.495,29.805,10,16.6,9.1,0.8,3.5,2.9,20,11.4
2025-11-17T17:44:00.126406+02:00,0,0,0,605,672,15,26.495,29.805,10,16.6,9.1,0.8,3.5,2.9,20,11.4
2025-11-17T17:45:00.126228+02:00,0,0,0,680,762,3,26.495,29.805,10,16.6,9.1,0.8,3.5,2.9,20,11.4
2025-11-17T17:46:00.127818+02:00,0,0,0,689,771,1,11.445,13.08,10,16.6,9.1,0.8,3.5,2.9,20,11.4
2025-11-17T17:47:00.127529+02:00,0,0,0,803,855,64,11.445,13.08,10,16.6,9.1,0.8,3.5,2.9,20,11.4
2025-11-17T17:48:00.126141+02:00,0,0,0,858,942,20,11.445,13.08,10,16.6,9.1,0.8,3.5,2.9,20,11.4
2025-11-17T17:49:00.127753+02:00,0,0,0,913,937,100,11.445,13.08,10,16.6,9.1,0.8,3.5,2.9,20,11.4
2025-11-17T17:50:00.126683+02:00,0,0,0,922,1003,38,11.445,13.08,10,16.6,9.1,0.8,3.5,2.9,20,11.4
2025-11-17T17:51:00.127390+02:00,0,0,0,757,840,8,4.725,5.685,10,16.8,9.3,0.8,3.5,2.9,20,11.4
2025-11-17T17:52:00.126696+02:00,0,0,0,777,860,11,4.725,5.685,10,16.8,9.3,0.8,3.5,2.9,20,11.4
2025-11-17T17:53:00.128012+02:00,0,0,0,739,822,4,4.725,5.685,10,16.8,9.3,0.8,3.5,2.9,20,11.4
2025-11-17T17:54:00.127167+02:00,0,0,0,838,781,173,4.725,5.685,10,16.8,9.3,0.8,3.5,2.9,20,11.4
2025-11-17T17:55:00.126519+02:00,0,0,0,903,976,50,4.725,5.685,10,16.8,9.3,0.8,3.5,2.9,20,11.4
2025-11-17T17:56:00.126812+02:00,0,0,0,850,934,25,2.56,2.575,10,16.8,9.3,0.8,3.5,2.9,20,11.4
2025-11-17T17:57:00.126157+02:00,0,0,0,829,905,0,2.56,2.575,10,16.8,9.3,0.8,3.5,2.9,20,11.4
2025-11-17T17:58:00.127461+02:00,0,0,0,809,924,0,2.56,2.575,10,16.8,9.3,0.8,3.5,2.9,20,11.4
2025-11-17T17:59:00.129837+02:00,0,0,0,818,906,2,2.56,2.575,10,16.8,9.3,0.8,3.5,2.9,20,11.4
2025-11-17T18:00:00.126990+02:00,0,0,0,826,947,-11,2.56,2.575,10,16.8,9.3,0.8,3.5,2.9,20,11.4
2025-11-17T18:01:00.127457+02:00,0,0,0,840,926,1,2.5,1.24,10,16.9,9.4,0.8,3.5,2.9,20,11.4
2025-11-17T18:02:00.126472+02:00,0,0,0,818,887,10,2.5,1.24,10,16.9,9.4,0.8,3.5,2.9,20,11.4
2025-11-17T18:03:00.127350+02:00,0,0,0,986,1055,13,2.5,1.24,10,16.9,9.4,0.8,3.5,2.9,20,11.4
2025-11-17T18:04:00.127466+02:00,0,0,0,921,1005,8,2.5,1.24,10,16.9,9.4,0.8,3.5,2.9,20,11.4
2025-11-17T18:05:00.127089+02:00,0,0,0,994,1074,28,2.5,1.24,10,16.9,9.4,0.8,3.5,2.9,20,11.4
2025-11-17T18:06:00.127090+02:00,0,0,0,881,963,-2,2.5,0.98,10,16.9,9.4,0.8,3.5,2.9,20,11.4
2025-11-17T18:07:00.127346+02:00,0,0,0,789,950,0,2.5,0.98,10,16.9,9.4,0.8,3.5,2.9,20,11.4
2025-11-17T18:08:00.126979+02:00,0,0,0,748,838,11,2.5,0.98,10,16.9,9.4,0.8,3.5,2.9,20,11.4
2025-11-17T18:09:00.126723+02:00,0,0,0,906,1032,-12,2.5,0.98,10,16.9,9.4,0.8,3.5,2.9,20,11.4
2025-11-17T18:10:00.127242+02:00,0,0,0,870,951,14,2.5,0.98,10,16.9,9.4,0.8,3.5,2.9,20,11.4
2025-11-17T18:11:00.127256+02:00,0,0,0,912,969,50,2.5,0.92,10,17,9.6,0.8,3.5,2.9,20,11.4
2025-11-17T18:12:00.127505+02:00,0,0,0,968,1052,26,2.5,0.92,10,17,9.6,0.8,3.5,2.9,20,11.4
2025-11-17T18:13:00.126935+02:00,0,0,0,802,885,1,2.5,0.92,10,17,9.6,0.8,3.5,2.9,20,11.4
2025-11-17T18:14:00.126812+02:00,0,0,0,815,886,2,2.5,0.92,10,17,9.6,0.8,3.5,2.9,20,11.4
2025-11-17T18:15:00.127863+02:00,0,0,0,865,928,11,2.5,0.92,10,17,9.6,0.8,3.5,2.9,20,11.4
2025-11-17T18:16:00.126734+02:00,0,0,0,994,1042,62,2.495,0.935,10,17,9.6,0.8,3.5,2.9,20,11.4
2025-11-17T18:17:00.127133+02:00,0,0,0,924,999,33,2.495,0.935,10,17,9.6,0.8,3.5,2.9,20,11.4
2025-11-17T18:18:00.126881+02:00,0,0,0,940,1022,32,2.495,0.935,10,17,9.6,0.8,3.5,2.9,20,11.4
2025-11-17T18:19:00.127141+02:00,0,0,0,997,1063,48,2.495,0.935,10,17,9.6,0.8,3.5,2.9,20,11.4
2025-11-17T18:20:00.127180+02:00,0,0,0,845,932,3,2.495,0.935,10,17,9.6,0.8,3.5,2.9,20,11.4
2025-11-17T18:21:00.126238+02:00,0,0,0,798,900,4,2.5,0.985,10,17.2,9.7,0.8,3.5,2.9,20,11.4
2025-11-17T18:22:00.126634+02:00,0,0,0,827,917,6,2.5,0.985,10,17.2,9.7,0.8,3.5,2.9,20,11.4
2025-11-17T18:23:00.127149+02:00,0,0,0,818,902,1,2.5,0.985,10,17.2,9.7,0.8,3.5,2.9,20,11.4
2025-11-17T18:24:00.127552+02:00,0,0,0,1035,1123,24,2.5,0.985,10,17.2,9.7,0.8,3.5,2.9,20,11.4
2025-11-17T18:25:00.126695+02:00,0,0,0,1046,1127,43,2.5,0.985,10,17.2,9.7,0.8,3.5,2.9,20,11.4
2025-11-17T18:26:00.126783+02:00,0,0,0,1066,1144,35,2.5,0.965,10,17.2,9.7,0.8,3.5,2.9,20,11.4
2025-11-17T18:27:00.126408+02:00,0,0,0,1047,1154,34,2.5,0.965,10,17.2,9.7,0.8,3.5,2.9,20,11.4
2025-11-17T18:28:00.126440+02:00,0,0,0,892,1015,-39,2.5,0.965,10,17.2,9.7,0.8,3.5,2.9,20,11.4
2025-11-17T18:29:00.126350+02:00,0,0,0,954,1049,22,2.5,0.965,10,17.2,9.7,0.8,3.5,2.9,20,11.4
2025-11-17T18:30:00.125666+02:00,0,0,0,939,1022,6,2.5,0.965,10,17.2,9.7,0.8,3.5,2.9,20,11.4
2025-11-17T18:31:00.126149+02:00,0,0,0,1059,1151,23,2.5,0.915,10,17.4,9.9,0.8,3.5,2.9,20,11.4
2025-11-17T18:32:00.127241+02:00,0,0,0,1111,1183,23,2.5,0.915,10,17.4,9.9,0.8,3.5,2.9,20,11.4
2025-11-17T18:33:00.127070+02:00,0,0,0,1099,1173,19,2.5,0.915,10,17.4,9.9,0.8,3.5,2.9,20,11.4
2025-11-17T18:34:00.126720+02:00,0,0,0,983,1057,14,2.5,0.915,10,17.4,9.9,0.8,3.5,2.9,20,11.4
2025-11-17T18:35:00.126244+02:00,0,0,0,951,1035,1,2.5,0.915,10,17.4,9.9,0.8,3.5,2.9,20,11.4
2025-11-17T18:36:00.126912+02:00,0,0,0,981,1060,-3,2.5,0.925,10,17.4,9.9,0.8,3.5,2.9,20,11.485
2025-11-17T18:37:00.126516+02:00,0,0,0,964,1037,12,2.5,0.925,10,17.4,9.9,0.8,3.5,2.9,20,11.485
2025-11-17T18:38:00.127453+02:00,0,0,0,1023,1081,89,2.5,0.925,10,17.4,9.9,0.8,3.5,2.9,20,11.485
2025-11-17T18:39:00.126837+02:00,0,0,0,1123,1208,26,2.5,0.925,10,17.4,9.9,0.8,3.5,2.9,20,11.485
2025-11-17T18:40:00.127239+02:00,0,0,0,1138,1235,26,2.5,0.925,10,17.4,9.9,0.8,3.5,2.9,20,11.485
2025-11-17T18:41:00.126270+02:00,0,0,0,1160,1261,20,2.555,1.575,10,17.5,10.1,0.8,3.5,2.9,20,11.5
2025-11-17T18:42:00.127227+02:00,0,0,0,1100,1185,13,2.555,1.575,10,17.5,10.1,0.8,3.5,2.9,20,11.5
2025-11-17T18:43:00.126532+02:00,0,0,0,969,1058,2,2.555,1.575,10,17.5,10.1,0.8,3.5,2.9,20,11.5
2025-11-17T18:44:00.126207+02:00,0,0,0,1007,1126,-20,2.555,1.575,10,17.5,10.1,0.8,3.5,2.9,20,11.5
2025-11-17T18:45:00.126832+02:00,0,0,0,976,1057,1,2.555,1.575,10,17.5,10.1,0.8,3.5,2.9,20,11.5
2025-11-17T18:46:00.126540+02:00,0,0,0,1184,1267,42,2.56,2.24,10,17.5,10.1,0.8,3.5,2.9,20,11.5
2025-11-17T18:47:00.125952+02:00,0,0,0,1111,1194,29,2.56,2.24,10,17.5,10.1,0.8,3.5,2.9,20,11.5
2025-11-17T18:48:00.126943+02:00,0,0,0,1116,1210,16,2.56,2.24,10,17.5,10.1,0.8,3.5,2.9,20,11.5
2025-11-17T18:49:00.127487+02:00,0,0,0,1099,1171,46,2.56,2.24,10,17.5,10.1,0.8,3.5,2.9,20,11.5
2025-11-17T18:50:00.126502+02:00,0,0,0,893,967,21,2.56,2.24,10,17.5,10.1,0.8,3.5,2.9,20,11.5
2025-11-17T18:51:00.126673+02:00,0,0,0,875,956,0,2.55,1.88,10,17.7,10.3,0.8,3.5,2.9,20,11.5
2025-11-17T18:52:00.127102+02:00,0,0,0,1072,1157,-6,2.55,1.88,10,17.7,10.3,0.8,3.5,2.9,20,11.5
2025-11-17T18:53:00.127043+02:00,0,0,0,1104,1159,-4,2.55,1.88,10,17.7,10.3,0.8,3.5,2.9,20,11.5
2025-11-17T18:54:00.127134+02:00,0,0,0,2847,2946,-10,2.55,1.88,10,17.7,10.3,0.8,3.5,2.9,20,11.5
2025-11-17T18:55:00.127498+02:00,0,0,0,2834,2916,6,2.55,1.88,10,17.7,10.3,0.8,3.5,2.9,20,11.5
2025-11-17T18:56:00.127355+02:00,0,0,0,2758,2846,4,2.49,1.69,10,17.7,10.3,0.8,3.5,2.9,20,11.5
2025-11-17T18:57:00.126815+02:00,0,0,0,2920,3041,-69,2.49,1.69,10,17.7,10.3,0.8,3.5,2.9,20,11.5
2025-11-17T18:58:00.126814+02:00,0,0,0,2823,2901,0,2.49,1.69,10,17.7,10.3,0.8,3.5,2.9,20,11.5
2025-11-17T18:59:00.127632+02:00,0,0,0,2806,2883,-5,2.49,1.69,10,17.7,10.3,0.8,3.5,2.9,20,11.5
2025-11-17T19:00:00.126228+02:00,0,0,0,2793,2873,-4,2.49,1.69,10,17.7,10.3,0.8,3.5,2.9,20,11.5
2025-11-17T19:01:00.127203+02:00,0,0,0,2788,2876,-8,2.5,2.01,10,18,10.6,0.8,3.5,2.9,20,11.5
2025-11-17T19:02:00.126991+02:00,0,0,0,2751,2834,-12,2.5,2.01,10,18,10.6,0.8,3.5,2.9,20,11.5
2025-11-17T19:03:00.126471+02:00,0,0,0,2757,2845,-5,2.5,2.01,10,18,10.6,0.8,3.5,2.9,20,11.5
2025-11-17T19:04:00.126411+02:00,0,0,0,2797,2860,12,2.5,2.01,10,18,10.6,0.8,3.5,2.9,20,11.5
2025-11-17T19:05:00.126984+02:00,0,0,0,2781,2839,33,2.5,2.01,10,18,10.6,0.8,3.5,2.9,20,11.5
2025-11-17T19:06:00.127615+02:00,0,0,0,2806,2889,-8,2.515,2.455,10,18,10.6,0.8,3.5,2.9,20,11.5
2025-11-17T19:07:00.126661+02:00,0,0,0,2809,2911,-7,2.515,2.455,10,18,10.6,0.8,3.5,2.9,20,11.5
2025-11-17T19:08:00.126507+02:00,0,0,0,1015,1097,-21,2.515,2.455,10,18,10.6,0.8,3.5,2.9,20,11.5
2025-11-17T19:09:00.127093+02:00,0,0,0,1024,1096,3,2.515,2.455,10,18,10.6,0.8,3.5,2.9,20,11.5
2025-11-17T19:10:00.127383+02:00,0,0,0,1033,1093,27,2.515,2.455,10,18,10.6,0.8,3.5,2.9,20,11.5
2025-11-17T19:11:00.126604+02:00,0,0,0,1018,1108,-7,2.585,2.705,10,18.5,11.1,0.8,3.5,2.9,20,11.5
2025-11-17T19:12:00.127325+02:00,0,0,0,1064,1135,26,2.585,2.705,10,18.5,11.1,0.8,3.5,2.9,20,11.5
2025-11-17T19:13:00.126413+02:00,0,0,0,932,1013,2,2.585,2.705,10,18.5,11.1,0.8,3.5,2.9,20,11.5
2025-11-17T19:14:00.127109+02:00,0,0,0,930,1017,0,2.585,2.705,10,18.5,11.1,0.8,3.5,2.9,20,11.5
2025-11-17T19:15:00.127153+02:00,0,0,0,902,988,3,2.585,2.705,10,18.5,11.1,0.8,3.5,2.9,20,11.5
2025-11-17T19:16:00.126973+02:00,0,0,0,1059,1140,23,2.6,2.635,10,18.5,11.1,0.8,3.5,2.9,20,11.5
2025-11-17T19:17:00.125919+02:00,0,0,0,1084,1163,30,2.6,2.635,10,18.5,11.1,0.8,3.5,2.9,20,11.5
2025-11-17T19:18:00.126928+02:00,0,0,0,1145,1235,19,2.6,2.635,10,18.5,11.1,0.8,3.5,2.9,20,11.5
2025-11-17T19:19:00.127463+02:00,0,0,0,1119,1202,34,2.6,2.635,10,18.5,11.1,0.8,3.5,2.9,20,11.5
2025-11-17T19:20:00.125720+02:00,0,0,0,1098,1182,-3,2.6,2.635,10,18.5,11.1,0.8,3.5,2.9,20,11.5
2025-11-17T19:21:00.127628+02:00,0,0,0,1101,1184,-4,2.9,3.22,10,18.6,11.3,0.8,3.5,2.9,20,11.505
2025-11-17T19:22:00.127515+02:00,0,0,0,1092,1177,-4,2.9,3.22,10,18.6,11.3,0.8,3.5,2.9,20,11.505
2025-11-17T19:23:00.126790+02:00,0,0,0,1208,1286,87,2.9,3.22,10,18.6,11.3,0.8,3.5,2.9,20,11.505
2025-11-17T19:24:00.127189+02:00,0,0,0,1228,1314,16,2.9,3.22,10,18.6,11.3,0.8,3.5,2.9,20,11.505
2025-11-17T19:25:00.127143+02:00,0,0,0,1228,1317,28,2.9,3.22,10,18.6,11.3,0.8,3.5,2.9,20,11.505
2025-11-17T19:26:00.125789+02:00,0,0,0,1207,1292,27,2.55,2.54,10,18.6,11.3,0.8,3.5,2.9,20,11.6
2025-11-17T19:27:00.125418+02:00,0,0,0,1069,1153,-41,2.55,2.54,10,18.6,11.3,0.8,3.5,2.9,20,11.6
2025-11-17T19:28:00.125650+02:00,0,0,0,1113,1215,-62,2.55,2.54,10,18.6,11.3,0.8,3.5,2.9,20,11.6
2025-11-17T19:29:00.125534+02:00,0,0,0,1000,1067,0,2.55,2.54,10,18.6,11.3,0.8,3.5,2.9,20,11.6
2025-11-17T19:30:00.125822+02:00,0,0,0,1021,1119,-34,2.55,2.54,10,18.6,11.3,0.8,3.5,2.9,20,11.6
2025-11-17T19:31:00.126067+02:00,0,0,0,1048,1134,7,2.565,2.34,10,18.8,11.5,0.8,3.5,2.9,20,11.64
2025-11-17T19:32:00.125673+02:00,0,0,0,1046,1124,10,2.565,2.34,10,18.8,11.5,0.8,3.5,2.9,20,11.64
2025-11-17T19:33:00.127548+02:00,0,0,0,1040,1125,13,2.565,2.34,10,18.8,11.5,0.8,3.5,2.9,20,11.64
2025-11-17T19:34:00.126444+02:00,0,0,0,1065,1136,20,2.565,2.34,10,18.8,11.5,0.8,3.5,2.9,20,11.64
2025-11-17T19:35:00.125953+02:00,0,0,0,993,1068,0,2.565,2.34,10,18.8,11.5,0.8,3.5,2.9,20,11.64
2025-11-17T19:36:00.125485+02:00,0,0,0,1004,1083,11,2.56,2.24,10,18.8,11.5,0.8,3.5,2.9,20,11.7
2025-11-17T19:37:00.126247+02:00,0,0,0,940,959,45,2.56,2.24,10,18.8,11.5,0.8,3.5,2.9,20,11.7
2025-11-17T19:38:00.127235+02:00,0,0,0,916,1000,2,2.56,2.24,10,18.8,11.5,0.8,3.5,2.9,20,11.7
2025-11-17T19:39:00.126023+02:00,0,0,0,990,1068,0,2.56,2.24,10,18.8,11.5,0.8,3.5,2.9,20,11.7
2025-11-17T19:40:00.126108+02:00,0,0,0,929,1013,-3,2.56,2.24,10,18.8,11.5,0.8,3.5,2.9,20,11.7
2025-11-17T19:41:00.126132+02:00,0,0,0,1052,1128,7,2.55,1.955,10,19,11.6,0.8,3.5,2.9,20,11.775
2025-11-17T19:42:00.125840+02:00,0,0,0,2941,3034,-13,2.55,1.955,10,19,11.6,0.8,3.5,2.9,20,11.775
2025-11-17T19:43:00.125636+02:00,0,0,0,2981,3042,21,2.55,1.955,10,19,11.6,0.8,3.5,2.9,20,11.775
2025-11-17T19:44:00.125701+02:00,0,0,0,2942,3025,-9,2.55,1.955,10,19,11.6,0.8,3.5,2.9,20,11.775
2025-11-17T19:45:00.126186+02:00,0,0,0,3045,3123,36,2.55,1.955,10,19,11.6,0.8,3.5,2.9,20,11.775
2025-11-17T19:46:00.125585+02:00,0,0,0,3071,3163,10,2.575,2.32,10,19,11.6,0.8,3.5,2.9,20,11.805
2025-11-17T19:47:00.126389+02:00,0,0,0,3087,3175,21,2.575,2.32,10,19,11.6,0.8,3.5,2.9,20,11.805
2025-11-17T19:48:00.127073+02:00,0,0,0,3171,3253,24,2.575,2.32,10,19,11.6,0.8,3.5,2.9,20,11.805
2025-11-17T19:49:00.126556+02:00,0,0,0,3044,3131,23,2.575,2.32,10,19,11.6,0.8,3.5,2.9,20,11.805
2025-11-17T19:50:00.125811+02:00,0,0,0,3038,3120,-2,2.575,2.32,10,19,11.6,0.8,3.5,2.9,20,11.805
2025-11-17T19:51:00.127417+02:00,0,0,0,1129,1176,-21,2.605,2.98,10,19.4,12.1,0.8,3.5,2.9,20,11.9
2025-11-17T19:52:00.126364+02:00,0,0,0,3135,3221,16,2.605,2.98,10,19.4,12.1,0.8,3.5,2.9,20,11.9
2025-11-17T19:53:00.125967+02:00,0,0,0,3116,3200,28,2.605,2.98,10,19.4,12.1,0.8,3.5,2.9,20,11.9
2025-11-17T19:54:00.126075+02:00,0,0,0,3129,3216,29,2.605,2.98,10,19.4,12.1,0.8,3.5,2.9,20,11.9
2025-11-17T19:55:00.126272+02:00,0,0,0,3121,3204,30,2.605,2.98,10,19.4,12.1,0.8,3.5,2.9,20,11.9
2025-11-17T19:56:00.126264+02:00,0,0,0,2971,3054,1,3.27,3.61,10,19.4,12.1,0.8,3.5,2.9,20,11.9
2025-11-17T19:57:00.125586+02:00,0,0,0,1127,1210,-7,3.27,3.61,10,19.4,12.1,0.8,3.5,2.9,20,11.9
2025-11-17T19:58:00.125806+02:00,0,0,0,1036,1089,22,3.27,3.61,10,19.4,12.1,0.8,3.5,2.9,20,11.9
2025-11-17T19:59:00.126256+02:00,0,0,0,951,1034,0,3.27,3.61,10,19.4,12.1,0.8,3.5,2.9,20,11.9
2025-11-17T20:00:00.126282+02:00,0,0,0,1057,1148,20,3.27,3.61,10,19.4,12.1,0.8,3.5,2.9,20,11.9
2025-11-17T20:01:00.127427+02:00,0,0,0,1112,1182,32,2.59,2.75,10,19.8,12.5,0.8,3.5,2.9,20,11.95
2025-11-17T20:02:00.126162+02:00,0,0,0,1022,1108,13,2.59,2.75,10,19.8,12.5,0.8,3.5,2.9,20,11.95
2025-11-17T20:03:00.128744+02:00,0,0,0,999,1080,9,2.59,2.75,10,19.8,12.5,0.8,3.5,2.9,20,11.95
2025-11-17T20:04:00.126364+02:00,0,0,0,927,1012,-13,2.59,2.75,10,19.8,12.5,0.8,3.5,2.9,20,11.95
2025-11-17T20:05:00.125631+02:00,0,0,0,2551,2758,4,2.59,2.75,10,19.8,12.5,0.8,3.5,2.9,20,11.95
2025-11-17T20:06:00.125738+02:00,0,0,0,2874,2926,37,3.135,3.18,10,19.8,12.5,0.8,3.5,2.9,20,12
2025-11-17T20:07:00.126893+02:00,0,0,0,1006,1016,76,3.135,3.18,10,19.8,12.5,0.8,3.5,2.9,20,12
2025-11-17T20:08:00.126815+02:00,0,0,0,967,1050,18,3.135,3.18,10,19.8,12.5,0.8,3.5,2.9,20,12
2025-11-17T20:09:00.126200+02:00,0,0,0,987,1069,22,3.135,3.18,10,19.8,12.5,0.8,3.5,2.9,20,12
2025-11-17T20:10:00.126163+02:00,0,0,0,987,1062,22,3.135,3.18,10,19.8,12.5,0.8,3.5,2.9,20,12
2025-11-17T20:11:00.127138+02:00,0,0,0,862,944,0,3.17,3.385,10,20,12.7,0.8,3.5,2.9,20,12
2025-11-17T20:12:00.125422+02:00,0,0,0,861,892,45,3.17,3.385,10,20,12.7,0.8,3.5,2.9,20,12
2025-11-17T20:13:00.126757+02:00,0,0,0,817,905,0,3.17,3.385,10,20,12.7,0.8,3.5,2.9,20,12
2025-11-17T20:14:00.126046+02:00,0,0,0,876,956,14,3.17,3.385,10,20,12.7,0.8,3.5,2.9,20,12
2025-11-17T20:15:00.126257+02:00,0,0,0,900,986,8,3.17,3.385,10,20,12.7,0.8,3.5,2.9,20,12
2025-11-17T20:16:00.126244+02:00,0,0,0,850,935,1,2.57,2.12,10,20,12.7,0.8,3.5,2.9,20,12
2025-11-17T20:17:00.127438+02:00,0,0,0,942,1022,23,2.57,2.12,10,20,12.7,0.8,3.5,2.9,20,12
2025-11-17T20:18:00.125785+02:00,0,0,0,961,1050,-2,2.57,2.12,10,20,12.7,0.8,3.5,2.9,20,12
2025-11-17T20:19:00.127484+02:00,0,0,0,965,1027,20,2.57,2.12,10,20,12.7,0.8,3.5,2.9,20,12
2025-11-17T20:20:00.126627+02:00,0,0,0,961,1049,2,2.57,2.12,10,20,12.7,0.8,3.5,2.9,20,12
2025-11-17T20:21:00.126313+02:00,0,0,0,1071,1135,52,2.525,1.44,10,20.2,12.9,0.8,3.5,2.9,20,12
2025-11-17T20:22:00.127436+02:00,0,0,0,1161,1252,23,2.525,1.44,10,20.2,12.9,0.8,3.5,2.9,20,12
2025-11-17T20:23:00.126622+02:00,0,0,0,1144,1232,22,2.525,1.44,10,20.2,12.9,0.8,3.5,2.9,20,12
2025-11-17T20:24:00.126396+02:00,0,0,0,1096,1178,7,2.525,1.44,10,20.2,12.9,0.8,3.5,2.9,20,12
2025-11-17T20:25:00.127102+02:00,0,0,0,924,1010,-2,2.525,1.44,10,20.2,12.9,0.8,3.5,2.9,20,12
2025-11-17T20:26:00.126874+02:00,0,0,0,949,1026,1,2.533,1.61,10,20.2,12.9,0.8,3.5,2.9,20,12.1
2025-11-17T20:27:00.126991+02:00,0,0,0,956,1029,1,2.533,1.61,10,20.2,12.9,0.8,3.5,2.9,20,12.1
2025-11-17T20:28:00.127484+02:00,0,0,0,869,949,1,2.533,1.61,10,20.2,12.9,0.8,3.5,2.9,20,12.1
2025-11-17T20:29:00.126815+02:00,0,0,0,1053,1148,-37,2.533,1.61,10,20.2,12.9,0.8,3.5,2.9,20,12.1
2025-11-17T20:30:00.125579+02:00,0,0,0,963,1045,24,2.533,1.61,10,20.2,12.9,0.8,3.5,2.9,20,12.1
2025-11-17T20:31:00.127129+02:00,0,0,0,965,1027,32,2.55,1.922,10,20.3,13.1,0.8,3.5,2.9,20,12.1
2025-11-17T20:32:00.125891+02:00,0,0,0,959,1043,12,2.55,1.922,10,20.3,13.1,0.8,3.5,2.9,20,12.1
2025-11-17T20:33:00.126224+02:00,0,0,0,839,911,12,2.55,1.922,10,20.3,13.1,0.8,3.5,2.9,20,12.1
2025-11-17T20:34:00.126722+02:00,0,0,0,2816,2871,28,2.55,1.922,10,20.3,13.1,0.8,3.5,2.9,20,12.1
2025-11-17T20:35:00.127100+02:00,0,0,0,2507,2590,6,2.55,1.922,10,20.3,13.1,0.8,3.5,2.9,20,12.1
2025-11-17T20:36:00.125910+02:00,0,0,0,1321,1434,-1,2.545,2.035,10,20.3,13.1,0.8,3.5,2.9,20,12.1
2025-11-17T20:37:00.126775+02:00,0,0,0,883,954,13,2.545,2.035,10,20.3,13.1,0.8,3.5,2.9,20,12.1
2025-11-17T20:38:00.126148+02:00,0,0,0,2933,2966,54,2.545,2.035,10,20.3,13.1,0.8,3.5,2.9,20,12.1
2025-11-17T20:39:00.127287+02:00,0,0,0,2510,2596,7,2.545,2.035,10,20.3,13.1,0.8,3.5,2.9,20,12.1
2025-11-17T20:40:00.126742+02:00,0,0,0,2503,2578,-5,2.545,2.035,10,20.3,13.1,0.8,3.5,2.9,20,12.1
2025-11-17T20:41:00.127089+02:00,0,0,0,1417,1497,-27,2.555,2.05,10,20.6,13.4,0.8,3.5,2.9,20,12.1
2025-11-17T20:42:00.125947+02:00,0,0,0,2344,2427,4,2.555,2.05,10,20.6,13.4,0.8,3.5,2.9,20,12.1
2025-11-17T20:43:00.127939+02:00,0,0,0,774,858,4,2.555,2.05,10,20.6,13.4,0.8,3.5,2.9,20,12.1
2025-11-17T20:44:00.127107+02:00,0,0,0,1258,1343,-12,2.555,2.05,10,20.6,13.4,0.8,3.5,2.9,20,12.1
2025-11-17T20:45:00.126380+02:00,0,0,0,2643,2680,30,2.555,2.05,10,20.6,13.4,0.8,3.5,2.9,20,12.1
2025-11-17T20:46:00.127033+02:00,0,0,0,764,848,1,2.62,2.58,10,20.6,13.4,0.8,3.5,2.9,20,12.1
2025-11-17T20:47:00.126536+02:00,0,0,0,768,957,-90,2.62,2.58,10,20.6,13.4,0.8,3.5,2.9,20,12.1
2025-11-17T20:48:00.125519+02:00,0,0,0,873,923,12,2.62,2.58,10,20.6,13.4,0.8,3.5,2.9,20,12.1
2025-11-17T20:49:00.126621+02:00,0,0,0,2830,2917,3,2.62,2.58,10,20.6,13.4,0.8,3.5,2.9,20,12.1
2025-11-17T20:50:00.126436+02:00,0,0,0,2794,2871,32,2.62,2.58,10,20.6,13.4,0.8,3.5,2.9,20,12.1
2025-11-17T20:51:00.126013+02:00,0,0,0,2724,2800,17,2.68,2.76,10,20.9,13.6,0.8,3.5,2.9,20,12.1
2025-11-17T20:52:00.127378+02:00,0,0,0,895,979,7,2.68,2.76,10,20.9,13.6,0.8,3.5,2.9,20,12.1
2025-11-17T20:53:00.126866+02:00,0,0,0,2784,2877,7,2.68,2.76,10,20.9,13.6,0.8,3.5,2.9,20,12.1
2025-11-17T20:54:00.127190+02:00,0,0,0,1377,1477,-1,2.68,2.76,10,20.9,13.6,0.8,3.5,2.9,20,12.1
2025-11-17T20:55:00.127741+02:00,0,0,0,1287,2893,26,2.68,2.76,10,20.9,13.6,0.8,3.5,2.9,20,12.1
2025-11-17T20:56:00.126715+02:00,0,0,0,921,1006,-2,2.66,2.83,10,20.9,13.6,0.8,3.5,2.9,20,12.12
2025-11-17T20:57:00.126206+02:00,0,0,0,2855,2855,22,2.66,2.83,10,20.9,13.6,0.8,3.5,2.9,20,12.12
2025-11-17T20:58:00.126615+02:00,0,0,0,2753,2836,0,2.66,2.83,10,20.9,13.6,0.8,3.5,2.9,20,12.12
2025-11-17T20:59:00.127447+02:00,0,0,0,2365,2401,49,2.66,2.83,10,20.9,13.6,0.8,3.5,2.9,20,12.12
2025-11-17T21:00:00.127097+02:00,0,0,0,2437,2526,15,2.66,2.83,10,20.9,13.6,0.8,3.5,2.9,20,12.12
2025-11-17T21:01:00.127006+02:00,0,0,0,845,931,7,2.605,2.76,10,21.2,13.9,0.8,3.5,2.9,20,12.2
2025-11-17T21:02:00.126658+02:00,0,0,0,1273,1403,19,2.605,2.76,10,21.2,13.9,0.8,3.5,2.9,20,12.2
2025-11-17T21:03:00.126902+02:00,0,0,0,812,892,1,2.605,2.76,10,21.2,13.9,0.8,3.5,2.9,20,12.2
2025-11-17T21:04:00.126988+02:00,0,0,0,2398,2467,4,2.605,2.76,10,21.2,13.9,0.8,3.5,2.9,20,12.2
2025-11-17T21:05:00.127664+02:00,0,0,0,821,905,0,2.605,2.76,10,21.2,13.9,0.8,3.5,2.9,20,12.2
